-1.367888 0.848359 -8.058465
-1.371686 0.848359 -8.058465
-1.364090 0.844561 -8.058465
-1.367888 0.844561 -8.058465
-1.371686 0.844561 -8.058465
-1.375484 0.844561 -8.058465
-1.622334 0.844561 -8.058465
-1.626132 0.844561 -8.058465
-1.629930 0.844561 -8.058465
-1.633727 0.844561 -8.058465
-1.356495 0.840763 -8.058465
-1.360293 0.840763 -8.058465
-1.364090 0.840763 -8.058465
-1.367888 0.840763 -8.058465
-1.371686 0.840763 -8.058465
-1.375484 0.840763 -8.058465
-1.618536 0.840763 -8.058465
-1.622334 0.840763 -8.058465
-1.626132 0.840763 -8.058465
-1.629930 0.840763 -8.058465
-1.356495 0.836965 -8.058465
-1.360293 0.836965 -8.058465
-1.364090 0.836965 -8.058465
-1.367888 0.836965 -8.058465
-1.371686 0.836965 -8.058465
-1.375484 0.836965 -8.058465
-1.383079 0.836965 -8.058465
-1.618536 0.836965 -8.058465
-1.622334 0.836965 -8.058465
-1.626132 0.836965 -8.058465
-1.629930 0.836965 -8.058465
-1.360293 0.833168 -8.058465
-1.364090 0.833168 -8.058465
-1.367888 0.833168 -8.058465
-1.371686 0.833168 -8.058465
-1.375484 0.833168 -8.058465
-1.379281 0.833168 -8.058465
-1.383079 0.833168 -8.058465
-1.386877 0.833168 -8.058465
-1.614739 0.833168 -8.058465
-1.618536 0.833168 -8.058465
-1.622334 0.833168 -8.058465
-1.626132 0.833168 -8.058465
-1.360293 0.829370 -8.058465
-1.364090 0.829370 -8.058465
-1.367888 0.829370 -8.058465
-1.371686 0.829370 -8.058465
-1.375484 0.829370 -8.058465
-1.379281 0.829370 -8.058465
-1.383079 0.829370 -8.058465
-1.386877 0.829370 -8.058465
-1.610941 0.829370 -8.058465
-1.614739 0.829370 -8.058465
-1.618536 0.829370 -8.058465
-1.622334 0.829370 -8.058465
-1.626132 0.829370 -8.058465
-1.364090 0.825572 -8.058465
-1.367888 0.825572 -8.058465
-1.371686 0.825572 -8.058465
-1.375484 0.825572 -8.058465
-1.379281 0.825572 -8.058465
-1.383079 0.825572 -8.058465
-1.386877 0.825572 -8.058465
-1.390674 0.825572 -8.058465
-1.610941 0.825572 -8.058465
-1.614739 0.825572 -8.058465
-1.618536 0.825572 -8.058465
-1.622334 0.825572 -8.058465
-1.364090 0.821775 -8.058465
-1.367888 0.821775 -8.058465
-1.371686 0.821775 -8.058465
-1.375484 0.821775 -8.058465
-1.379281 0.821775 -8.058465
-1.383079 0.821775 -8.058465
-1.386877 0.821775 -8.058465
-1.390674 0.821775 -8.058465
-1.607143 0.821775 -8.058465
-1.610941 0.821775 -8.058465
-1.614739 0.821775 -8.058465
-1.618536 0.821775 -8.058465
-1.622334 0.821775 -8.058465
-1.379281 0.817977 -8.058465
-1.383079 0.817977 -8.058465
-1.386877 0.817977 -8.058465
-1.390674 0.817977 -8.058465
-1.607143 0.817977 -8.058465
-1.610941 0.817977 -8.058465
-1.614739 0.817977 -8.058465
-1.618536 0.817977 -8.058465
-1.383079 0.814179 -8.058465
-1.386877 0.814179 -8.058465
-1.390674 0.814179 -8.058465
-1.603346 0.814179 -8.058465
-1.607143 0.814179 -8.058465
-1.610941 0.814179 -8.058465
-1.614739 0.814179 -8.058465
-1.383079 0.810381 -8.058465
-1.386877 0.810381 -8.058465
-1.390674 0.810381 -8.058465
-1.603346 0.810381 -8.058465
-1.607143 0.810381 -8.058465
-1.610941 0.810381 -8.058465
-1.614739 0.810381 -8.058465
-1.386877 0.806584 -8.058465
-1.390674 0.806584 -8.058465
-1.394472 0.806584 -8.058465
-1.603346 0.806584 -8.058465
-1.607143 0.806584 -8.058465
-1.610941 0.806584 -8.058465
-1.386877 0.802786 -8.058465
-1.390674 0.802786 -8.058465
-1.394472 0.802786 -8.058465
-1.398270 0.802786 -8.058465
-1.580559 0.802786 -8.058465
-1.584357 0.802786 -8.058465
-1.603346 0.802786 -8.058465
-1.607143 0.802786 -8.058465
-1.386877 0.798988 -8.058465
-1.390674 0.798988 -8.058465
-1.394472 0.798988 -8.058465
-1.398270 0.798988 -8.058465
-1.402067 0.798988 -8.058465
-1.553976 0.798988 -8.058465
-1.557773 0.798988 -8.058465
-1.561571 0.798988 -8.058465
-1.569166 0.798988 -8.058465
-1.572964 0.798988 -8.058465
-1.576762 0.798988 -8.058465
-1.580559 0.798988 -8.058465
-1.584357 0.798988 -8.058465
-1.588155 0.798988 -8.058465
-1.591953 0.798988 -8.058465
-1.603346 0.798988 -8.058465
-1.390674 0.795191 -8.058465
-1.394472 0.795191 -8.058465
-1.398270 0.795191 -8.058465
-1.402067 0.795191 -8.058465
-1.405865 0.795191 -8.058465
-1.409663 0.795191 -8.058465
-1.527392 0.795191 -8.058465
-1.531189 0.795191 -8.058465
-1.553976 0.795191 -8.058465
-1.557773 0.795191 -8.058465
-1.561571 0.795191 -8.058465
-1.565369 0.795191 -8.058465
-1.569166 0.795191 -8.058465
-1.572964 0.795191 -8.058465
-1.576762 0.795191 -8.058465
-1.580559 0.795191 -8.058465
-1.584357 0.795191 -8.058465
-1.588155 0.795191 -8.058465
-1.591953 0.795191 -8.058465
-1.595750 0.795191 -8.058465
-1.599548 0.795191 -8.058465
-1.390674 0.791393 -8.058465
-1.394472 0.791393 -8.058465
-1.398270 0.791393 -8.058465
-1.402067 0.791393 -8.058465
-1.405865 0.791393 -8.058465
-1.409663 0.791393 -8.058465
-1.413460 0.791393 -8.058465
-1.523594 0.791393 -8.058465
-1.527392 0.791393 -8.058465
-1.531189 0.791393 -8.058465
-1.534987 0.791393 -8.058465
-1.538785 0.791393 -8.058465
-1.542582 0.791393 -8.058465
-1.546380 0.791393 -8.058465
-1.550178 0.791393 -8.058465
-1.553976 0.791393 -8.058465
-1.557773 0.791393 -8.058465
-1.561571 0.791393 -8.058465
-1.565369 0.791393 -8.058465
-1.569166 0.791393 -8.058465
-1.572964 0.791393 -8.058465
-1.576762 0.791393 -8.058465
-1.580559 0.791393 -8.058465
-1.584357 0.791393 -8.058465
-1.588155 0.791393 -8.058465
-1.591953 0.791393 -8.058465
-1.595750 0.791393 -8.058465
-1.394472 0.787595 -8.058465
-1.398270 0.787595 -8.058465
-1.402067 0.787595 -8.058465
-1.405865 0.787595 -8.058465
-1.409663 0.787595 -8.058465
-1.413460 0.787595 -8.058465
-1.417258 0.787595 -8.058465
-1.519796 0.787595 -8.058465
-1.523594 0.787595 -8.058465
-1.527392 0.787595 -8.058465
-1.531189 0.787595 -8.058465
-1.534987 0.787595 -8.058465
-1.538785 0.787595 -8.058465
-1.542582 0.787595 -8.058465
-1.546380 0.787595 -8.058465
-1.550178 0.787595 -8.058465
-1.553976 0.787595 -8.058465
-1.557773 0.787595 -8.058465
-1.561571 0.787595 -8.058465
-1.565369 0.787595 -8.058465
-1.569166 0.787595 -8.058465
-1.572964 0.787595 -8.058465
-1.576762 0.787595 -8.058465
-1.580559 0.787595 -8.058465
-1.584357 0.787595 -8.058465
-1.588155 0.787595 -8.058465
-1.591953 0.787595 -8.058465
-1.398270 0.783798 -8.058465
-1.402067 0.783798 -8.058465
-1.405865 0.783798 -8.058465
-1.409663 0.783798 -8.058465
-1.413460 0.783798 -8.058465
-1.417258 0.783798 -8.058465
-1.421056 0.783798 -8.058465
-1.485617 0.783798 -8.058465
-1.489415 0.783798 -8.058465
-1.512201 0.783798 -8.058465
-1.515998 0.783798 -8.058465
-1.519796 0.783798 -8.058465
-1.523594 0.783798 -8.058465
-1.527392 0.783798 -8.058465
-1.531189 0.783798 -8.058465
-1.534987 0.783798 -8.058465
-1.538785 0.783798 -8.058465
-1.542582 0.783798 -8.058465
-1.546380 0.783798 -8.058465
-1.550178 0.783798 -8.058465
-1.553976 0.783798 -8.058465
-1.557773 0.783798 -8.058465
-1.561571 0.783798 -8.058465
-1.565369 0.783798 -8.058465
-1.569166 0.783798 -8.058465
-1.572964 0.783798 -8.058465
-1.576762 0.783798 -8.058465
-1.580559 0.783798 -8.058465
-1.584357 0.783798 -8.058465
-1.588155 0.783798 -8.058465
-1.402067 0.780000 -8.058465
-1.405865 0.780000 -8.058465
-1.409663 0.780000 -8.058465
-1.413460 0.780000 -8.058465
-1.417258 0.780000 -8.058465
-1.421056 0.780000 -8.058465
-1.424854 0.780000 -8.058465
-1.481819 0.780000 -8.058465
-1.485617 0.780000 -8.058465
-1.489415 0.780000 -8.058465
-1.493212 0.780000 -8.058465
-1.508403 0.780000 -8.058465
-1.512201 0.780000 -8.058465
-1.515998 0.780000 -8.058465
-1.519796 0.780000 -8.058465
-1.523594 0.780000 -8.058465
-1.527392 0.780000 -8.058465
-1.531189 0.780000 -8.058465
-1.534987 0.780000 -8.058465
-1.538785 0.780000 -8.058465
-1.542582 0.780000 -8.058465
-1.546380 0.780000 -8.058465
-1.550178 0.780000 -8.058465
-1.553976 0.780000 -8.058465
-1.557773 0.780000 -8.058465
-1.561571 0.780000 -8.058465
-1.565369 0.780000 -8.058465
-1.569166 0.780000 -8.058465
-1.572964 0.780000 -8.058465
-1.576762 0.780000 -8.058465
-1.580559 0.780000 -8.058465
-1.584357 0.780000 -8.058465
-1.409663 0.776202 -8.058465
-1.413460 0.776202 -8.058465
-1.417258 0.776202 -8.058465
-1.421056 0.776202 -8.058465
-1.424854 0.776202 -8.058465
-1.428651 0.776202 -8.058465
-1.432449 0.776202 -8.058465
-1.478022 0.776202 -8.058465
-1.481819 0.776202 -8.058465
-1.485617 0.776202 -8.058465
-1.489415 0.776202 -8.058465
-1.493212 0.776202 -8.058465
-1.508403 0.776202 -8.058465
-1.512201 0.776202 -8.058465
-1.515998 0.776202 -8.058465
-1.519796 0.776202 -8.058465
-1.523594 0.776202 -8.058465
-1.527392 0.776202 -8.058465
-1.531189 0.776202 -8.058465
-1.534987 0.776202 -8.058465
-1.538785 0.776202 -8.058465
-1.542582 0.776202 -8.058465
-1.546380 0.776202 -8.058465
-1.550178 0.776202 -8.058465
-1.553976 0.776202 -8.058465
-1.557773 0.776202 -8.058465
-1.561571 0.776202 -8.058465
-1.565369 0.776202 -8.058465
-1.569166 0.776202 -8.058465
-1.572964 0.776202 -8.058465
-1.576762 0.776202 -8.058465
-1.413460 0.772404 -8.058465
-1.417258 0.772404 -8.058465
-1.421056 0.772404 -8.058465
-1.424854 0.772404 -8.058465
-1.428651 0.772404 -8.058465
-1.432449 0.772404 -8.058465
-1.436247 0.772404 -8.058465
-1.440044 0.772404 -8.058465
-1.443842 0.772404 -8.058465
-1.447640 0.772404 -8.058465
-1.451438 0.772404 -8.058465
-1.478022 0.772404 -8.058465
-1.481819 0.772404 -8.058465
-1.485617 0.772404 -8.058465
-1.489415 0.772404 -8.058465
-1.493212 0.772404 -8.058465
-1.508403 0.772404 -8.058465
-1.512201 0.772404 -8.058465
-1.515998 0.772404 -8.058465
-1.519796 0.772404 -8.058465
-1.523594 0.772404 -8.058465
-1.527392 0.772404 -8.058465
-1.531189 0.772404 -8.058465
-1.534987 0.772404 -8.058465
-1.538785 0.772404 -8.058465
-1.542582 0.772404 -8.058465
-1.546380 0.772404 -8.058465
-1.550178 0.772404 -8.058465
-1.553976 0.772404 -8.058465
-1.557773 0.772404 -8.058465
-1.561571 0.772404 -8.058465
-1.565369 0.772404 -8.058465
-1.569166 0.772404 -8.058465
-1.572964 0.772404 -8.058465
-1.421056 0.768607 -8.058465
-1.424854 0.768607 -8.058465
-1.428651 0.768607 -8.058465
-1.432449 0.768607 -8.058465
-1.436247 0.768607 -8.058465
-1.440044 0.768607 -8.058465
-1.443842 0.768607 -8.058465
-1.447640 0.768607 -8.058465
-1.451438 0.768607 -8.058465
-1.455235 0.768607 -8.058465
-1.459033 0.768607 -8.058465
-1.462831 0.768607 -8.058465
-1.466628 0.768607 -8.058465
-1.470426 0.768607 -8.058465
-1.478022 0.768607 -8.058465
-1.481819 0.768607 -8.058465
-1.485617 0.768607 -8.058465
-1.489415 0.768607 -8.058465
-1.493212 0.768607 -8.058465
-1.508403 0.768607 -8.058465
-1.512201 0.768607 -8.058465
-1.515998 0.768607 -8.058465
-1.519796 0.768607 -8.058465
-1.523594 0.768607 -8.058465
-1.527392 0.768607 -8.058465
-1.531189 0.768607 -8.058465
-1.534987 0.768607 -8.058465
-1.538785 0.768607 -8.058465
-1.542582 0.768607 -8.058465
-1.546380 0.768607 -8.058465
-1.550178 0.768607 -8.058465
-1.553976 0.768607 -8.058465
-1.557773 0.768607 -8.058465
-1.561571 0.768607 -8.058465
-1.565369 0.768607 -8.058465
-1.428651 0.764809 -8.058465
-1.432449 0.764809 -8.058465
-1.436247 0.764809 -8.058465
-1.440044 0.764809 -8.058465
-1.443842 0.764809 -8.058465
-1.447640 0.764809 -8.058465
-1.451438 0.764809 -8.058465
-1.455235 0.764809 -8.058465
-1.459033 0.764809 -8.058465
-1.462831 0.764809 -8.058465
-1.466628 0.764809 -8.058465
-1.470426 0.764809 -8.058465
-1.478022 0.764809 -8.058465
-1.481819 0.764809 -8.058465
-1.485617 0.764809 -8.058465
-1.489415 0.764809 -8.058465
-1.493212 0.764809 -8.058465
-1.508403 0.764809 -8.058465
-1.512201 0.764809 -8.058465
-1.515998 0.764809 -8.058465
-1.519796 0.764809 -8.058465
-1.523594 0.764809 -8.058465
-1.527392 0.764809 -8.058465
-1.531189 0.764809 -8.058465
-1.534987 0.764809 -8.058465
-1.538785 0.764809 -8.058465
-1.542582 0.764809 -8.058465
-1.546380 0.764809 -8.058465
-1.550178 0.764809 -8.058465
-1.553976 0.764809 -8.058465
-1.557773 0.764809 -8.058465
-1.436247 0.761011 -8.058465
-1.440044 0.761011 -8.058465
-1.443842 0.761011 -8.058465
-1.447640 0.761011 -8.058465
-1.451438 0.761011 -8.058465
-1.455235 0.761011 -8.058465
-1.459033 0.761011 -8.058465
-1.462831 0.761011 -8.058465
-1.466628 0.761011 -8.058465
-1.470426 0.761011 -8.058465
-1.474224 0.761011 -8.058465
-1.478022 0.761011 -8.058465
-1.481819 0.761011 -8.058465
-1.485617 0.761011 -8.058465
-1.489415 0.761011 -8.058465
-1.493212 0.761011 -8.058465
-1.497010 0.761011 -8.058465
-1.504605 0.761011 -8.058465
-1.508403 0.761011 -8.058465
-1.512201 0.761011 -8.058465
-1.515998 0.761011 -8.058465
-1.519796 0.761011 -8.058465
-1.523594 0.761011 -8.058465
-1.527392 0.761011 -8.058465
-1.531189 0.761011 -8.058465
-1.534987 0.761011 -8.058465
-1.538785 0.761011 -8.058465
-1.542582 0.761011 -8.058465
-1.546380 0.761011 -8.058465
-1.550178 0.761011 -8.058465
-1.447640 0.757214 -8.058465
-1.451438 0.757214 -8.058465
-1.455235 0.757214 -8.058465
-1.459033 0.757214 -8.058465
-1.462831 0.757214 -8.058465
-1.466628 0.757214 -8.058465
-1.470426 0.757214 -8.058465
-1.474224 0.757214 -8.058465
-1.478022 0.757214 -8.058465
-1.481819 0.757214 -8.058465
-1.485617 0.757214 -8.058465
-1.489415 0.757214 -8.058465
-1.493212 0.757214 -8.058465
-1.504605 0.757214 -8.058465
-1.508403 0.757214 -8.058465
-1.512201 0.757214 -8.058465
-1.515998 0.757214 -8.058465
-1.519796 0.757214 -8.058465
-1.523594 0.757214 -8.058465
-1.527392 0.757214 -8.058465
-1.531189 0.757214 -8.058465
-1.534987 0.757214 -8.058465
-1.538785 0.757214 -8.058465
-1.462831 0.753416 -8.058465
-1.466628 0.753416 -8.058465
-1.470426 0.753416 -8.058465
-1.474224 0.753416 -8.058465
-1.478022 0.753416 -8.058465
-1.481819 0.753416 -8.058465
-1.485617 0.753416 -8.058465
-1.489415 0.753416 -8.058465
-1.493212 0.753416 -8.058465
-1.497010 0.753416 -8.058465
-1.504605 0.753416 -8.058465
-1.508403 0.753416 -8.058465
-1.512201 0.753416 -8.058465
-1.515998 0.753416 -8.058465
-1.519796 0.753416 -8.058465
-1.523594 0.753416 -8.058465
-1.493212 0.749618 -8.058465
-1.941341 0.552138 -8.058465
-1.945139 0.552138 -8.058465
-1.948937 0.552138 -8.058465
-1.960330 0.552138 -8.058465
-1.964128 0.552138 -8.058465
-1.967925 0.552138 -8.058465
-1.945139 0.548340 -8.058465
-1.948937 0.548340 -8.058465
-1.952734 0.548340 -8.058465
-1.956532 0.548340 -8.058465
-1.960330 0.548340 -8.058465
-1.964128 0.548340 -8.058465
-1.967925 0.548340 -8.058465
-1.971723 0.548340 -8.058465
-2.173001 0.548340 -8.058465
-1.948937 0.544542 -8.058465
-1.952734 0.544542 -8.058465
-1.956532 0.544542 -8.058465
-1.960330 0.544542 -8.058465
-1.964128 0.544542 -8.058465
-1.967925 0.544542 -8.058465
-1.971723 0.544542 -8.058465
-1.975521 0.544542 -8.058465
-2.157810 0.544542 -8.058465
-2.161608 0.544542 -8.058465
-2.165406 0.544542 -8.058465
-2.169204 0.544542 -8.058465
-1.952734 0.540744 -8.058465
-1.956532 0.540744 -8.058465
-1.960330 0.540744 -8.058465
-1.964128 0.540744 -8.058465
-1.967925 0.540744 -8.058465
-1.971723 0.540744 -8.058465
-1.975521 0.540744 -8.058465
-1.979318 0.540744 -8.058465
-2.150215 0.540744 -8.058465
-2.154013 0.540744 -8.058465
-2.157810 0.540744 -8.058465
-2.161608 0.540744 -8.058465
-2.165406 0.540744 -8.058465
-1.952734 0.536947 -8.058465
-1.956532 0.536947 -8.058465
-1.960330 0.536947 -8.058465
-1.964128 0.536947 -8.058465
-1.967925 0.536947 -8.058465
-1.971723 0.536947 -8.058465
-1.975521 0.536947 -8.058465
-1.979318 0.536947 -8.058465
-1.983116 0.536947 -8.058465
-2.146417 0.536947 -8.058465
-2.150215 0.536947 -8.058465
-2.154013 0.536947 -8.058465
-2.157810 0.536947 -8.058465
-2.161608 0.536947 -8.058465
-2.165406 0.536947 -8.058465
-1.956532 0.533149 -8.058465
-1.960330 0.533149 -8.058465
-1.964128 0.533149 -8.058465
-1.967925 0.533149 -8.058465
-1.971723 0.533149 -8.058465
-1.975521 0.533149 -8.058465
-1.979318 0.533149 -8.058465
-1.983116 0.533149 -8.058465
-1.986914 0.533149 -8.058465
-2.146417 0.533149 -8.058465
-2.150215 0.533149 -8.058465
-2.154013 0.533149 -8.058465
-2.157810 0.533149 -8.058465
-2.161608 0.533149 -8.058465
-1.960330 0.529351 -8.058465
-1.964128 0.529351 -8.058465
-1.967925 0.529351 -8.058465
-1.971723 0.529351 -8.058465
-1.975521 0.529351 -8.058465
-1.979318 0.529351 -8.058465
-1.983116 0.529351 -8.058465
-1.986914 0.529351 -8.058465
-1.990711 0.529351 -8.058465
-2.146417 0.529351 -8.058465
-2.150215 0.529351 -8.058465
-2.154013 0.529351 -8.058465
-2.157810 0.529351 -8.058465
-1.964128 0.525554 -8.058465
-1.967925 0.525554 -8.058465
-1.971723 0.525554 -8.058465
-1.975521 0.525554 -8.058465
-1.979318 0.525554 -8.058465
-1.983116 0.525554 -8.058465
-1.986914 0.525554 -8.058465
-1.990711 0.525554 -8.058465
-1.994509 0.525554 -8.058465
-1.998307 0.525554 -8.058465
-2.002105 0.525554 -8.058465
-2.005902 0.525554 -8.058465
-2.009700 0.525554 -8.058465
-2.142620 0.525554 -8.058465
-2.146417 0.525554 -8.058465
-2.150215 0.525554 -8.058465
-2.154013 0.525554 -8.058465
-1.967925 0.521756 -8.058465
-1.971723 0.521756 -8.058465
-1.975521 0.521756 -8.058465
-1.979318 0.521756 -8.058465
-1.983116 0.521756 -8.058465
-1.986914 0.521756 -8.058465
-1.990711 0.521756 -8.058465
-1.994509 0.521756 -8.058465
-1.998307 0.521756 -8.058465
-2.002105 0.521756 -8.058465
-2.005902 0.521756 -8.058465
-2.009700 0.521756 -8.058465
-2.013498 0.521756 -8.058465
-2.138822 0.521756 -8.058465
-2.142620 0.521756 -8.058465
-2.146417 0.521756 -8.058465
-2.150215 0.521756 -8.058465
-1.975521 0.517958 -8.058465
-1.979318 0.517958 -8.058465
-1.983116 0.517958 -8.058465
-1.986914 0.517958 -8.058465
-1.990711 0.517958 -8.058465
-1.994509 0.517958 -8.058465
-1.998307 0.517958 -8.058465
-2.002105 0.517958 -8.058465
-2.005902 0.517958 -8.058465
-2.009700 0.517958 -8.058465
-2.013498 0.517958 -8.058465
-2.017295 0.517958 -8.058465
-2.062868 0.517958 -8.058465
-2.066666 0.517958 -8.058465
-2.070463 0.517958 -8.058465
-2.074261 0.517958 -8.058465
-2.078059 0.517958 -8.058465
-2.081856 0.517958 -8.058465
-2.097047 0.517958 -8.058465
-2.100845 0.517958 -8.058465
-2.104643 0.517958 -8.058465
-2.131227 0.517958 -8.058465
-2.135024 0.517958 -8.058465
-2.138822 0.517958 -8.058465
-2.142620 0.517958 -8.058465
-1.979318 0.514161 -8.058465
-1.983116 0.514161 -8.058465
-1.986914 0.514161 -8.058465
-1.990711 0.514161 -8.058465
-1.994509 0.514161 -8.058465
-1.998307 0.514161 -8.058465
-2.002105 0.514161 -8.058465
-2.005902 0.514161 -8.058465
-2.009700 0.514161 -8.058465
-2.013498 0.514161 -8.058465
-2.017295 0.514161 -8.058465
-2.021093 0.514161 -8.058465
-2.024891 0.514161 -8.058465
-2.028688 0.514161 -8.058465
-2.032486 0.514161 -8.058465
-2.036284 0.514161 -8.058465
-2.040082 0.514161 -8.058465
-2.043879 0.514161 -8.058465
-2.047677 0.514161 -8.058465
-2.051475 0.514161 -8.058465
-2.055273 0.514161 -8.058465
-2.059070 0.514161 -8.058465
-2.062868 0.514161 -8.058465
-2.066666 0.514161 -8.058465
-2.070463 0.514161 -8.058465
-2.074261 0.514161 -8.058465
-2.078059 0.514161 -8.058465
-2.081856 0.514161 -8.058465
-2.085654 0.514161 -8.058465
-2.089452 0.514161 -8.058465
-2.093250 0.514161 -8.058465
-2.097047 0.514161 -8.058465
-2.100845 0.514161 -8.058465
-2.104643 0.514161 -8.058465
-2.123631 0.514161 -8.058465
-2.127429 0.514161 -8.058465
-2.131227 0.514161 -8.058465
-2.135024 0.514161 -8.058465
-2.138822 0.514161 -8.058465
-1.983116 0.510363 -8.058465
-1.986914 0.510363 -8.058465
-1.990711 0.510363 -8.058465
-1.994509 0.510363 -8.058465
-1.998307 0.510363 -8.058465
-2.002105 0.510363 -8.058465
-2.005902 0.510363 -8.058465
-2.009700 0.510363 -8.058465
-2.013498 0.510363 -8.058465
-2.017295 0.510363 -8.058465
-2.021093 0.510363 -8.058465
-2.024891 0.510363 -8.058465
-2.028688 0.510363 -8.058465
-2.032486 0.510363 -8.058465
-2.036284 0.510363 -8.058465
-2.040082 0.510363 -8.058465
-2.043879 0.510363 -8.058465
-2.047677 0.510363 -8.058465
-2.051475 0.510363 -8.058465
-2.055273 0.510363 -8.058465
-2.059070 0.510363 -8.058465
-2.062868 0.510363 -8.058465
-2.066666 0.510363 -8.058465
-2.070463 0.510363 -8.058465
-2.074261 0.510363 -8.058465
-2.078059 0.510363 -8.058465
-2.081856 0.510363 -8.058465
-2.085654 0.510363 -8.058465
-2.089452 0.510363 -8.058465
-2.093250 0.510363 -8.058465
-2.097047 0.510363 -8.058465
-2.100845 0.510363 -8.058465
-2.104643 0.510363 -8.058465
-2.108440 0.510363 -8.058465
-2.112238 0.510363 -8.058465
-2.116036 0.510363 -8.058465
-2.119833 0.510363 -8.058465
-2.123631 0.510363 -8.058465
-2.127429 0.510363 -8.058465
-2.131227 0.510363 -8.058465
-2.135024 0.510363 -8.058465
-1.990711 0.506565 -8.058465
-1.994509 0.506565 -8.058465
-1.998307 0.506565 -8.058465
-2.002105 0.506565 -8.058465
-2.005902 0.506565 -8.058465
-2.009700 0.506565 -8.058465
-2.013498 0.506565 -8.058465
-2.017295 0.506565 -8.058465
-2.021093 0.506565 -8.058465
-2.024891 0.506565 -8.058465
-2.028688 0.506565 -8.058465
-2.032486 0.506565 -8.058465
-2.036284 0.506565 -8.058465
-2.040082 0.506565 -8.058465
-2.043879 0.506565 -8.058465
-2.047677 0.506565 -8.058465
-2.051475 0.506565 -8.058465
-2.055273 0.506565 -8.058465
-2.059070 0.506565 -8.058465
-2.062868 0.506565 -8.058465
-2.066666 0.506565 -8.058465
-2.070463 0.506565 -8.058465
-2.074261 0.506565 -8.058465
-2.078059 0.506565 -8.058465
-2.081856 0.506565 -8.058465
-2.085654 0.506565 -8.058465
-2.089452 0.506565 -8.058465
-2.093250 0.506565 -8.058465
-2.097047 0.506565 -8.058465
-2.100845 0.506565 -8.058465
-2.104643 0.506565 -8.058465
-2.108440 0.506565 -8.058465
-2.112238 0.506565 -8.058465
-2.116036 0.506565 -8.058465
-2.119833 0.506565 -8.058465
-2.123631 0.506565 -8.058465
-2.127429 0.506565 -8.058465
-1.998307 0.502767 -8.058465
-2.002105 0.502767 -8.058465
-2.005902 0.502767 -8.058465
-2.009700 0.502767 -8.058465
-2.013498 0.502767 -8.058465
-2.017295 0.502767 -8.058465
-2.021093 0.502767 -8.058465
-2.024891 0.502767 -8.058465
-2.028688 0.502767 -8.058465
-2.032486 0.502767 -8.058465
-2.036284 0.502767 -8.058465
-2.040082 0.502767 -8.058465
-2.043879 0.502767 -8.058465
-2.047677 0.502767 -8.058465
-2.051475 0.502767 -8.058465
-2.055273 0.502767 -8.058465
-2.059070 0.502767 -8.058465
-2.062868 0.502767 -8.058465
-2.066666 0.502767 -8.058465
-2.070463 0.502767 -8.058465
-2.074261 0.502767 -8.058465
-2.078059 0.502767 -8.058465
-2.081856 0.502767 -8.058465
-2.085654 0.502767 -8.058465
-2.089452 0.502767 -8.058465
-2.093250 0.502767 -8.058465
-2.097047 0.502767 -8.058465
-2.100845 0.502767 -8.058465
-2.104643 0.502767 -8.058465
-2.108440 0.502767 -8.058465
-2.112238 0.502767 -8.058465
-2.116036 0.502767 -8.058465
-2.119833 0.502767 -8.058465
-2.005902 0.498970 -8.058465
-2.009700 0.498970 -8.058465
-2.013498 0.498970 -8.058465
-2.017295 0.498970 -8.058465
-2.021093 0.498970 -8.058465
-2.024891 0.498970 -8.058465
-2.028688 0.498970 -8.058465
-2.032486 0.498970 -8.058465
-2.036284 0.498970 -8.058465
-2.040082 0.498970 -8.058465
-2.043879 0.498970 -8.058465
-2.047677 0.498970 -8.058465
-2.051475 0.498970 -8.058465
-2.055273 0.498970 -8.058465
-2.059070 0.498970 -8.058465
-2.062868 0.498970 -8.058465
-2.066666 0.498970 -8.058465
-2.070463 0.498970 -8.058465
-2.074261 0.498970 -8.058465
-2.078059 0.498970 -8.058465
-2.081856 0.498970 -8.058465
-2.085654 0.498970 -8.058465
-2.089452 0.498970 -8.058465
-2.093250 0.498970 -8.058465
-2.097047 0.498970 -8.058465
-2.100845 0.498970 -8.058465
-2.104643 0.498970 -8.058465
-2.108440 0.498970 -8.058465
-2.112238 0.498970 -8.058465
-2.013498 0.495172 -8.058465
-2.017295 0.495172 -8.058465
-2.021093 0.495172 -8.058465
-2.024891 0.495172 -8.058465
-2.028688 0.495172 -8.058465
-2.032486 0.495172 -8.058465
-2.036284 0.495172 -8.058465
-2.040082 0.495172 -8.058465
-2.043879 0.495172 -8.058465
-2.047677 0.495172 -8.058465
-2.051475 0.495172 -8.058465
-2.055273 0.495172 -8.058465
-2.059070 0.495172 -8.058465
-2.062868 0.495172 -8.058465
-2.066666 0.495172 -8.058465
-2.070463 0.495172 -8.058465
-2.074261 0.495172 -8.058465
-2.078059 0.495172 -8.058465
-2.081856 0.495172 -8.058465
-2.085654 0.495172 -8.058465
-2.089452 0.495172 -8.058465
-2.093250 0.495172 -8.058465
-2.097047 0.495172 -8.058465
-2.100845 0.495172 -8.058465
-2.104643 0.495172 -8.058465
-2.028688 0.491374 -8.058465
-2.032486 0.491374 -8.058465
-2.036284 0.491374 -8.058465
-2.040082 0.491374 -8.058465
-2.043879 0.491374 -8.058465
-2.047677 0.491374 -8.058465
-2.051475 0.491374 -8.058465
-2.055273 0.491374 -8.058465
-2.059070 0.491374 -8.058465
-2.062868 0.491374 -8.058465
-2.066666 0.491374 -8.058465
-2.070463 0.491374 -8.058465
-2.074261 0.491374 -8.058465
-2.078059 0.491374 -8.058465
-2.081856 0.491374 -8.058465
-2.085654 0.491374 -8.058465
-2.089452 0.491374 -8.058465
-2.059070 0.487577 -8.058465
-1.572964 -0.575781 -8.058465
-1.576762 -0.575781 -8.058465
-1.580559 -0.575781 -8.058465
-1.584357 -0.575781 -8.058465
-1.588155 -0.575781 -8.058465
-1.591953 -0.575781 -8.058465
-1.607143 -0.575781 -8.058465
-1.610941 -0.575781 -8.058465
-1.614739 -0.575781 -8.058465
-1.618536 -0.575781 -8.058465
-1.622334 -0.575781 -8.058465
-1.626132 -0.575781 -8.058465
-1.629930 -0.575781 -8.058465
-1.633727 -0.575781 -8.058465
-1.557773 -0.579578 -8.058465
-1.561571 -0.579578 -8.058465
-1.565369 -0.579578 -8.058465
-1.569166 -0.579578 -8.058465
-1.572964 -0.579578 -8.058465
-1.576762 -0.579578 -8.058465
-1.580559 -0.579578 -8.058465
-1.584357 -0.579578 -8.058465
-1.588155 -0.579578 -8.058465
-1.591953 -0.579578 -8.058465
-1.595750 -0.579578 -8.058465
-1.599548 -0.579578 -8.058465
-1.603346 -0.579578 -8.058465
-1.607143 -0.579578 -8.058465
-1.610941 -0.579578 -8.058465
-1.614739 -0.579578 -8.058465
-1.618536 -0.579578 -8.058465
-1.622334 -0.579578 -8.058465
-1.626132 -0.579578 -8.058465
-1.629930 -0.579578 -8.058465
-1.633727 -0.579578 -8.058465
-1.637525 -0.579578 -8.058465
-1.641323 -0.579578 -8.058465
-1.645120 -0.579578 -8.058465
-1.648918 -0.579578 -8.058465
-1.546380 -0.583376 -8.058465
-1.550178 -0.583376 -8.058465
-1.553976 -0.583376 -8.058465
-1.557773 -0.583376 -8.058465
-1.561571 -0.583376 -8.058465
-1.565369 -0.583376 -8.058465
-1.569166 -0.583376 -8.058465
-1.572964 -0.583376 -8.058465
-1.576762 -0.583376 -8.058465
-1.580559 -0.583376 -8.058465
-1.584357 -0.583376 -8.058465
-1.588155 -0.583376 -8.058465
-1.591953 -0.583376 -8.058465
-1.595750 -0.583376 -8.058465
-1.599548 -0.583376 -8.058465
-1.603346 -0.583376 -8.058465
-1.607143 -0.583376 -8.058465
-1.610941 -0.583376 -8.058465
-1.614739 -0.583376 -8.058465
-1.618536 -0.583376 -8.058465
-1.622334 -0.583376 -8.058465
-1.626132 -0.583376 -8.058465
-1.629930 -0.583376 -8.058465
-1.633727 -0.583376 -8.058465
-1.637525 -0.583376 -8.058465
-1.641323 -0.583376 -8.058465
-1.645120 -0.583376 -8.058465
-1.648918 -0.583376 -8.058465
-1.652716 -0.583376 -8.058465
-1.656514 -0.583376 -8.058465
-1.660311 -0.583376 -8.058465
-1.538785 -0.587174 -8.058465
-1.542582 -0.587174 -8.058465
-1.546380 -0.587174 -8.058465
-1.550178 -0.587174 -8.058465
-1.553976 -0.587174 -8.058465
-1.557773 -0.587174 -8.058465
-1.561571 -0.587174 -8.058465
-1.565369 -0.587174 -8.058465
-1.569166 -0.587174 -8.058465
-1.572964 -0.587174 -8.058465
-1.576762 -0.587174 -8.058465
-1.580559 -0.587174 -8.058465
-1.584357 -0.587174 -8.058465
-1.588155 -0.587174 -8.058465
-1.591953 -0.587174 -8.058465
-1.595750 -0.587174 -8.058465
-1.599548 -0.587174 -8.058465
-1.603346 -0.587174 -8.058465
-1.607143 -0.587174 -8.058465
-1.610941 -0.587174 -8.058465
-1.614739 -0.587174 -8.058465
-1.618536 -0.587174 -8.058465
-1.622334 -0.587174 -8.058465
-1.626132 -0.587174 -8.058465
-1.629930 -0.587174 -8.058465
-1.633727 -0.587174 -8.058465
-1.637525 -0.587174 -8.058465
-1.641323 -0.587174 -8.058465
-1.645120 -0.587174 -8.058465
-1.648918 -0.587174 -8.058465
-1.652716 -0.587174 -8.058465
-1.531189 -0.590971 -8.058465
-1.534987 -0.590971 -8.058465
-1.538785 -0.590971 -8.058465
-1.542582 -0.590971 -8.058465
-1.546380 -0.590971 -8.058465
-1.550178 -0.590971 -8.058465
-1.553976 -0.590971 -8.058465
-1.557773 -0.590971 -8.058465
-1.561571 -0.590971 -8.058465
-1.565369 -0.590971 -8.058465
-1.569166 -0.590971 -8.058465
-1.572964 -0.590971 -8.058465
-1.576762 -0.590971 -8.058465
-1.580559 -0.590971 -8.058465
-1.584357 -0.590971 -8.058465
-1.588155 -0.590971 -8.058465
-1.591953 -0.590971 -8.058465
-1.595750 -0.590971 -8.058465
-1.599548 -0.590971 -8.058465
-1.603346 -0.590971 -8.058465
-1.607143 -0.590971 -8.058465
-1.610941 -0.590971 -8.058465
-1.614739 -0.590971 -8.058465
-1.618536 -0.590971 -8.058465
-1.622334 -0.590971 -8.058465
-1.626132 -0.590971 -8.058465
-1.629930 -0.590971 -8.058465
-1.633727 -0.590971 -8.058465
-1.637525 -0.590971 -8.058465
-1.641323 -0.590971 -8.058465
-1.645120 -0.590971 -8.058465
-1.648918 -0.590971 -8.058465
-1.523594 -0.594769 -8.058465
-1.527392 -0.594769 -8.058465
-1.531189 -0.594769 -8.058465
-1.534987 -0.594769 -8.058465
-1.538785 -0.594769 -8.058465
-1.542582 -0.594769 -8.058465
-1.546380 -0.594769 -8.058465
-1.550178 -0.594769 -8.058465
-1.553976 -0.594769 -8.058465
-1.557773 -0.594769 -8.058465
-1.561571 -0.594769 -8.058465
-1.565369 -0.594769 -8.058465
-1.569166 -0.594769 -8.058465
-1.572964 -0.594769 -8.058465
-1.576762 -0.594769 -8.058465
-1.580559 -0.594769 -8.058465
-1.584357 -0.594769 -8.058465
-1.588155 -0.594769 -8.058465
-1.591953 -0.594769 -8.058465
-1.595750 -0.594769 -8.058465
-1.599548 -0.594769 -8.058465
-1.603346 -0.594769 -8.058465
-1.607143 -0.594769 -8.058465
-1.610941 -0.594769 -8.058465
-1.614739 -0.594769 -8.058465
-1.618536 -0.594769 -8.058465
-1.622334 -0.594769 -8.058465
-1.626132 -0.594769 -8.058465
-1.629930 -0.594769 -8.058465
-1.633727 -0.594769 -8.058465
-1.637525 -0.594769 -8.058465
-1.641323 -0.594769 -8.058465
-1.645120 -0.594769 -8.058465
-1.519796 -0.598567 -8.058465
-1.523594 -0.598567 -8.058465
-1.527392 -0.598567 -8.058465
-1.531189 -0.598567 -8.058465
-1.534987 -0.598567 -8.058465
-1.538785 -0.598567 -8.058465
-1.542582 -0.598567 -8.058465
-1.546380 -0.598567 -8.058465
-1.550178 -0.598567 -8.058465
-1.553976 -0.598567 -8.058465
-1.557773 -0.598567 -8.058465
-1.561571 -0.598567 -8.058465
-1.565369 -0.598567 -8.058465
-1.569166 -0.598567 -8.058465
-1.572964 -0.598567 -8.058465
-1.576762 -0.598567 -8.058465
-1.580559 -0.598567 -8.058465
-1.584357 -0.598567 -8.058465
-1.588155 -0.598567 -8.058465
-1.591953 -0.598567 -8.058465
-1.595750 -0.598567 -8.058465
-1.599548 -0.598567 -8.058465
-1.603346 -0.598567 -8.058465
-1.607143 -0.598567 -8.058465
-1.610941 -0.598567 -8.058465
-1.614739 -0.598567 -8.058465
-1.618536 -0.598567 -8.058465
-1.622334 -0.598567 -8.058465
-1.626132 -0.598567 -8.058465
-1.629930 -0.598567 -8.058465
-1.633727 -0.598567 -8.058465
-1.637525 -0.598567 -8.058465
-1.641323 -0.598567 -8.058465
-1.512201 -0.602364 -8.058465
-1.515998 -0.602364 -8.058465
-1.519796 -0.602364 -8.058465
-1.523594 -0.602364 -8.058465
-1.527392 -0.602364 -8.058465
-1.531189 -0.602364 -8.058465
-1.534987 -0.602364 -8.058465
-1.538785 -0.602364 -8.058465
-1.542582 -0.602364 -8.058465
-1.546380 -0.602364 -8.058465
-1.550178 -0.602364 -8.058465
-1.553976 -0.602364 -8.058465
-1.557773 -0.602364 -8.058465
-1.561571 -0.602364 -8.058465
-1.565369 -0.602364 -8.058465
-1.569166 -0.602364 -8.058465
-1.572964 -0.602364 -8.058465
-1.576762 -0.602364 -8.058465
-1.580559 -0.602364 -8.058465
-1.584357 -0.602364 -8.058465
-1.588155 -0.602364 -8.058465
-1.591953 -0.602364 -8.058465
-1.595750 -0.602364 -8.058465
-1.599548 -0.602364 -8.058465
-1.603346 -0.602364 -8.058465
-1.607143 -0.602364 -8.058465
-1.610941 -0.602364 -8.058465
-1.614739 -0.602364 -8.058465
-1.618536 -0.602364 -8.058465
-1.622334 -0.602364 -8.058465
-1.626132 -0.602364 -8.058465
-1.629930 -0.602364 -8.058465
-1.633727 -0.602364 -8.058465
-1.508403 -0.606162 -8.058465
-1.512201 -0.606162 -8.058465
-1.515998 -0.606162 -8.058465
-1.519796 -0.606162 -8.058465
-1.523594 -0.606162 -8.058465
-1.527392 -0.606162 -8.058465
-1.531189 -0.606162 -8.058465
-1.534987 -0.606162 -8.058465
-1.538785 -0.606162 -8.058465
-1.542582 -0.606162 -8.058465
-1.546380 -0.606162 -8.058465
-1.550178 -0.606162 -8.058465
-1.553976 -0.606162 -8.058465
-1.557773 -0.606162 -8.058465
-1.561571 -0.606162 -8.058465
-1.565369 -0.606162 -8.058465
-1.569166 -0.606162 -8.058465
-1.572964 -0.606162 -8.058465
-1.576762 -0.606162 -8.058465
-1.580559 -0.606162 -8.058465
-1.584357 -0.606162 -8.058465
-1.588155 -0.606162 -8.058465
-1.591953 -0.606162 -8.058465
-1.595750 -0.606162 -8.058465
-1.599548 -0.606162 -8.058465
-1.603346 -0.606162 -8.058465
-1.607143 -0.606162 -8.058465
-1.610941 -0.606162 -8.058465
-1.614739 -0.606162 -8.058465
-1.618536 -0.606162 -8.058465
-1.622334 -0.606162 -8.058465
-1.626132 -0.606162 -8.058465
-1.629930 -0.606162 -8.058465
-1.504605 -0.609960 -8.058465
-1.508403 -0.609960 -8.058465
-1.512201 -0.609960 -8.058465
-1.515998 -0.609960 -8.058465
-1.519796 -0.609960 -8.058465
-1.523594 -0.609960 -8.058465
-1.527392 -0.609960 -8.058465
-1.531189 -0.609960 -8.058465
-1.534987 -0.609960 -8.058465
-1.538785 -0.609960 -8.058465
-1.542582 -0.609960 -8.058465
-1.546380 -0.609960 -8.058465
-1.550178 -0.609960 -8.058465
-1.553976 -0.609960 -8.058465
-1.557773 -0.609960 -8.058465
-1.561571 -0.609960 -8.058465
-1.565369 -0.609960 -8.058465
-1.569166 -0.609960 -8.058465
-1.572964 -0.609960 -8.058465
-1.576762 -0.609960 -8.058465
-1.580559 -0.609960 -8.058465
-1.584357 -0.609960 -8.058465
-1.588155 -0.609960 -8.058465
-1.603346 -0.609960 -8.058465
-1.607143 -0.609960 -8.058465
-1.610941 -0.609960 -8.058465
-1.614739 -0.609960 -8.058465
-1.618536 -0.609960 -8.058465
-1.622334 -0.609960 -8.058465
-1.626132 -0.609960 -8.058465
-1.500808 -0.613758 -8.058465
-1.504605 -0.613758 -8.058465
-1.508403 -0.613758 -8.058465
-1.512201 -0.613758 -8.058465
-1.515998 -0.613758 -8.058465
-1.519796 -0.613758 -8.058465
-1.523594 -0.613758 -8.058465
-1.527392 -0.613758 -8.058465
-1.531189 -0.613758 -8.058465
-1.534987 -0.613758 -8.058465
-1.538785 -0.613758 -8.058465
-1.542582 -0.613758 -8.058465
-1.546380 -0.613758 -8.058465
-1.550178 -0.613758 -8.058465
-1.553976 -0.613758 -8.058465
-1.557773 -0.613758 -8.058465
-1.561571 -0.613758 -8.058465
-1.565369 -0.613758 -8.058465
-1.569166 -0.613758 -8.058465
-1.572964 -0.613758 -8.058465
-1.576762 -0.613758 -8.058465
-1.607143 -0.613758 -8.058465
-1.610941 -0.613758 -8.058465
-1.614739 -0.613758 -8.058465
-1.618536 -0.613758 -8.058465
-1.622334 -0.613758 -8.058465
-1.500808 -0.617555 -8.058465
-1.504605 -0.617555 -8.058465
-1.508403 -0.617555 -8.058465
-1.512201 -0.617555 -8.058465
-1.515998 -0.617555 -8.058465
-1.519796 -0.617555 -8.058465
-1.523594 -0.617555 -8.058465
-1.527392 -0.617555 -8.058465
-1.531189 -0.617555 -8.058465
-1.534987 -0.617555 -8.058465
-1.538785 -0.617555 -8.058465
-1.542582 -0.617555 -8.058465
-1.546380 -0.617555 -8.058465
-1.550178 -0.617555 -8.058465
-1.553976 -0.617555 -8.058465
-1.557773 -0.617555 -8.058465
-1.561571 -0.617555 -8.058465
-1.565369 -0.617555 -8.058465
-1.569166 -0.617555 -8.058465
-1.572964 -0.617555 -8.058465
-1.497010 -0.621353 -8.058465
-1.500808 -0.621353 -8.058465
-1.504605 -0.621353 -8.058465
-1.508403 -0.621353 -8.058465
-1.512201 -0.621353 -8.058465
-1.515998 -0.621353 -8.058465
-1.519796 -0.621353 -8.058465
-1.523594 -0.621353 -8.058465
-1.527392 -0.621353 -8.058465
-1.531189 -0.621353 -8.058465
-1.534987 -0.621353 -8.058465
-1.538785 -0.621353 -8.058465
-1.542582 -0.621353 -8.058465
-1.546380 -0.621353 -8.058465
-1.550178 -0.621353 -8.058465
-1.553976 -0.621353 -8.058465
-1.557773 -0.621353 -8.058465
-1.561571 -0.621353 -8.058465
-1.565369 -0.621353 -8.058465
-1.569166 -0.621353 -8.058465
-1.493212 -0.625151 -8.058465
-1.497010 -0.625151 -8.058465
-1.500808 -0.625151 -8.058465
-1.504605 -0.625151 -8.058465
-1.508403 -0.625151 -8.058465
-1.512201 -0.625151 -8.058465
-1.515998 -0.625151 -8.058465
-1.519796 -0.625151 -8.058465
-1.523594 -0.625151 -8.058465
-1.527392 -0.625151 -8.058465
-1.531189 -0.625151 -8.058465
-1.534987 -0.625151 -8.058465
-1.538785 -0.625151 -8.058465
-1.542582 -0.625151 -8.058465
-1.546380 -0.625151 -8.058465
-1.550178 -0.625151 -8.058465
-1.553976 -0.625151 -8.058465
-1.557773 -0.625151 -8.058465
-1.561571 -0.625151 -8.058465
-1.565369 -0.625151 -8.058465
-1.569166 -0.625151 -8.058465
-1.485617 -0.628948 -8.058465
-1.489415 -0.628948 -8.058465
-1.493212 -0.628948 -8.058465
-1.497010 -0.628948 -8.058465
-1.500808 -0.628948 -8.058465
-1.504605 -0.628948 -8.058465
-1.508403 -0.628948 -8.058465
-1.512201 -0.628948 -8.058465
-1.515998 -0.628948 -8.058465
-1.519796 -0.628948 -8.058465
-1.523594 -0.628948 -8.058465
-1.527392 -0.628948 -8.058465
-1.531189 -0.628948 -8.058465
-1.534987 -0.628948 -8.058465
-1.538785 -0.628948 -8.058465
-1.542582 -0.628948 -8.058465
-1.546380 -0.628948 -8.058465
-1.550178 -0.628948 -8.058465
-1.553976 -0.628948 -8.058465
-1.557773 -0.628948 -8.058465
-1.561571 -0.628948 -8.058465
-1.565369 -0.628948 -8.058465
-1.485617 -0.632746 -8.058465
-1.489415 -0.632746 -8.058465
-1.493212 -0.632746 -8.058465
-1.497010 -0.632746 -8.058465
-1.500808 -0.632746 -8.058465
-1.504605 -0.632746 -8.058465
-1.508403 -0.632746 -8.058465
-1.512201 -0.632746 -8.058465
-1.515998 -0.632746 -8.058465
-1.519796 -0.632746 -8.058465
-1.523594 -0.632746 -8.058465
-1.527392 -0.632746 -8.058465
-1.531189 -0.632746 -8.058465
-1.534987 -0.632746 -8.058465
-1.538785 -0.632746 -8.058465
-1.542582 -0.632746 -8.058465
-1.546380 -0.632746 -8.058465
-1.550178 -0.632746 -8.058465
-1.553976 -0.632746 -8.058465
-1.557773 -0.632746 -8.058465
-1.561571 -0.632746 -8.058465
-1.565369 -0.632746 -8.058465
-1.512201 -0.636544 -8.058465
-1.515998 -0.636544 -8.058465
-1.519796 -0.636544 -8.058465
-1.523594 -0.636544 -8.058465
-1.527392 -0.636544 -8.058465
-1.531189 -0.636544 -8.058465
-1.534987 -0.636544 -8.058465
-1.538785 -0.636544 -8.058465
-1.542582 -0.636544 -8.058465
-1.546380 -0.636544 -8.058465
-1.550178 -0.636544 -8.058465
-1.553976 -0.636544 -8.058465
-1.557773 -0.636544 -8.058465
-1.561571 -0.636544 -8.058465
-1.565369 -0.636544 -8.058465
-1.481819 -0.640341 -8.058465
-1.519796 -0.640341 -8.058465
-1.523594 -0.640341 -8.058465
-1.527392 -0.640341 -8.058465
-1.531189 -0.640341 -8.058465
-1.534987 -0.640341 -8.058465
-1.538785 -0.640341 -8.058465
-1.542582 -0.640341 -8.058465
-1.546380 -0.640341 -8.058465
-1.550178 -0.640341 -8.058465
-1.553976 -0.640341 -8.058465
-1.557773 -0.640341 -8.058465
-1.561571 -0.640341 -8.058465
-1.565369 -0.640341 -8.058465
-1.478022 -0.644139 -8.058465
-1.481819 -0.644139 -8.058465
-1.523594 -0.644139 -8.058465
-1.527392 -0.644139 -8.058465
-1.531189 -0.644139 -8.058465
-1.534987 -0.644139 -8.058465
-1.538785 -0.644139 -8.058465
-1.542582 -0.644139 -8.058465
-1.546380 -0.644139 -8.058465
-1.550178 -0.644139 -8.058465
-1.553976 -0.644139 -8.058465
-1.557773 -0.644139 -8.058465
-1.561571 -0.644139 -8.058465
-1.565369 -0.644139 -8.058465
-1.569166 -0.644139 -8.058465
-1.474224 -0.647937 -8.058465
-1.478022 -0.647937 -8.058465
-1.481819 -0.647937 -8.058465
-1.523594 -0.647937 -8.058465
-1.527392 -0.647937 -8.058465
-1.531189 -0.647937 -8.058465
-1.534987 -0.647937 -8.058465
-1.538785 -0.647937 -8.058465
-1.542582 -0.647937 -8.058465
-1.546380 -0.647937 -8.058465
-1.550178 -0.647937 -8.058465
-1.553976 -0.647937 -8.058465
-1.557773 -0.647937 -8.058465
-1.561571 -0.647937 -8.058465
-1.565369 -0.647937 -8.058465
-1.569166 -0.647937 -8.058465
-1.572964 -0.647937 -8.058465
-1.470426 -0.651735 -8.058465
-1.474224 -0.651735 -8.058465
-1.478022 -0.651735 -8.058465
-1.481819 -0.651735 -8.058465
-1.523594 -0.651735 -8.058465
-1.527392 -0.651735 -8.058465
-1.531189 -0.651735 -8.058465
-1.534987 -0.651735 -8.058465
-1.538785 -0.651735 -8.058465
-1.542582 -0.651735 -8.058465
-1.546380 -0.651735 -8.058465
-1.550178 -0.651735 -8.058465
-1.553976 -0.651735 -8.058465
-1.557773 -0.651735 -8.058465
-1.561571 -0.651735 -8.058465
-1.565369 -0.651735 -8.058465
-1.569166 -0.651735 -8.058465
-1.572964 -0.651735 -8.058465
-1.470426 -0.655532 -8.058465
-1.474224 -0.655532 -8.058465
-1.478022 -0.655532 -8.058465
-1.527392 -0.655532 -8.058465
-1.531189 -0.655532 -8.058465
-1.534987 -0.655532 -8.058465
-1.538785 -0.655532 -8.058465
-1.542582 -0.655532 -8.058465
-1.546380 -0.655532 -8.058465
-1.561571 -0.655532 -8.058465
-1.565369 -0.655532 -8.058465
-1.569166 -0.655532 -8.058465
-1.466628 -0.659330 -8.058465
-1.470426 -0.659330 -8.058465
-1.474224 -0.659330 -8.058465
-1.478022 -0.659330 -8.058465
-1.531189 -0.659330 -8.058465
-1.534987 -0.659330 -8.058465
-1.538785 -0.659330 -8.058465
-1.542582 -0.659330 -8.058465
-1.546380 -0.659330 -8.058465
-1.466628 -0.663128 -8.058465
-1.470426 -0.663128 -8.058465
-1.531189 -0.663128 -8.058465
-1.534987 -0.663128 -8.058465
-1.538785 -0.663128 -8.058465
-1.542582 -0.663128 -8.058465
-1.546380 -0.663128 -8.058465
-1.462831 -0.666925 -8.058465
-1.466628 -0.666925 -8.058465
-1.527392 -0.666925 -8.058465
-1.531189 -0.666925 -8.058465
-1.534987 -0.666925 -8.058465
-1.538785 -0.666925 -8.058465
-1.542582 -0.666925 -8.058465
-1.546380 -0.666925 -8.058465
-1.462831 -0.670723 -8.058465
-1.466628 -0.670723 -8.058465
-1.523594 -0.670723 -8.058465
-1.527392 -0.670723 -8.058465
-1.531189 -0.670723 -8.058465
-1.534987 -0.670723 -8.058465
-1.538785 -0.670723 -8.058465
-1.542582 -0.670723 -8.058465
-1.546380 -0.670723 -8.058465
-1.462831 -0.674521 -8.058465
-1.466628 -0.674521 -8.058465
-1.523594 -0.674521 -8.058465
-1.527392 -0.674521 -8.058465
-1.531189 -0.674521 -8.058465
-1.534987 -0.674521 -8.058465
-1.538785 -0.674521 -8.058465
-1.542582 -0.674521 -8.058465
-1.546380 -0.674521 -8.058465
-1.459033 -0.678319 -8.058465
-1.462831 -0.678319 -8.058465
-1.466628 -0.678319 -8.058465
-1.523594 -0.678319 -8.058465
-1.527392 -0.678319 -8.058465
-1.531189 -0.678319 -8.058465
-1.534987 -0.678319 -8.058465
-1.538785 -0.678319 -8.058465
-1.542582 -0.678319 -8.058465
-1.546380 -0.678319 -8.058465
-1.459033 -0.682116 -8.058465
-1.462831 -0.682116 -8.058465
-1.466628 -0.682116 -8.058465
-1.523594 -0.682116 -8.058465
-1.527392 -0.682116 -8.058465
-1.531189 -0.682116 -8.058465
-1.534987 -0.682116 -8.058465
-1.538785 -0.682116 -8.058465
-1.542582 -0.682116 -8.058465
-1.546380 -0.682116 -8.058465
-1.459033 -0.685914 -8.058465
-1.462831 -0.685914 -8.058465
-1.466628 -0.685914 -8.058465
-1.523594 -0.685914 -8.058465
-1.527392 -0.685914 -8.058465
-1.531189 -0.685914 -8.058465
-1.534987 -0.685914 -8.058465
-1.538785 -0.685914 -8.058465
-1.542582 -0.685914 -8.058465
-1.546380 -0.685914 -8.058465
-1.459033 -0.689712 -8.058465
-1.462831 -0.689712 -8.058465
-1.466628 -0.689712 -8.058465
-1.523594 -0.689712 -8.058465
-1.527392 -0.689712 -8.058465
-1.531189 -0.689712 -8.058465
-1.534987 -0.689712 -8.058465
-1.538785 -0.689712 -8.058465
-1.542582 -0.689712 -8.058465
-1.546380 -0.689712 -8.058465
-1.455235 -0.693509 -8.058465
-1.459033 -0.693509 -8.058465
-1.462831 -0.693509 -8.058465
-1.466628 -0.693509 -8.058465
-1.523594 -0.693509 -8.058465
-1.527392 -0.693509 -8.058465
-1.531189 -0.693509 -8.058465
-1.534987 -0.693509 -8.058465
-1.538785 -0.693509 -8.058465
-1.542582 -0.693509 -8.058465
-1.546380 -0.693509 -8.058465
-1.607143 -0.693509 -8.058465
-1.610941 -0.693509 -8.058465
-1.455235 -0.697307 -8.058465
-1.459033 -0.697307 -8.058465
-1.462831 -0.697307 -8.058465
-1.466628 -0.697307 -8.058465
-1.523594 -0.697307 -8.058465
-1.527392 -0.697307 -8.058465
-1.531189 -0.697307 -8.058465
-1.534987 -0.697307 -8.058465
-1.538785 -0.697307 -8.058465
-1.542582 -0.697307 -8.058465
-1.546380 -0.697307 -8.058465
-1.557773 -0.697307 -8.058465
-1.561571 -0.697307 -8.058465
-1.565369 -0.697307 -8.058465
-1.569166 -0.697307 -8.058465
-1.607143 -0.697307 -8.058465
-1.610941 -0.697307 -8.058465
-1.455235 -0.701105 -8.058465
-1.459033 -0.701105 -8.058465
-1.462831 -0.701105 -8.058465
-1.466628 -0.701105 -8.058465
-1.523594 -0.701105 -8.058465
-1.527392 -0.701105 -8.058465
-1.531189 -0.701105 -8.058465
-1.534987 -0.701105 -8.058465
-1.538785 -0.701105 -8.058465
-1.542582 -0.701105 -8.058465
-1.546380 -0.701105 -8.058465
-1.550178 -0.701105 -8.058465
-1.553976 -0.701105 -8.058465
-1.557773 -0.701105 -8.058465
-1.561571 -0.701105 -8.058465
-1.565369 -0.701105 -8.058465
-1.569166 -0.701105 -8.058465
-1.572964 -0.701105 -8.058465
-1.591953 -0.701105 -8.058465
-1.607143 -0.701105 -8.058465
-1.610941 -0.701105 -8.058465
-1.455235 -0.704902 -8.058465
-1.459033 -0.704902 -8.058465
-1.462831 -0.704902 -8.058465
-1.466628 -0.704902 -8.058465
-1.523594 -0.704902 -8.058465
-1.527392 -0.704902 -8.058465
-1.531189 -0.704902 -8.058465
-1.534987 -0.704902 -8.058465
-1.538785 -0.704902 -8.058465
-1.542582 -0.704902 -8.058465
-1.546380 -0.704902 -8.058465
-1.550178 -0.704902 -8.058465
-1.553976 -0.704902 -8.058465
-1.557773 -0.704902 -8.058465
-1.561571 -0.704902 -8.058465
-1.565369 -0.704902 -8.058465
-1.569166 -0.704902 -8.058465
-1.572964 -0.704902 -8.058465
-1.588155 -0.704902 -8.058465
-1.591953 -0.704902 -8.058465
-1.603346 -0.704902 -8.058465
-1.607143 -0.704902 -8.058465
-1.610941 -0.704902 -8.058465
-1.614739 -0.704902 -8.058465
-1.455235 -0.708700 -8.058465
-1.459033 -0.708700 -8.058465
-1.462831 -0.708700 -8.058465
-1.527392 -0.708700 -8.058465
-1.531189 -0.708700 -8.058465
-1.534987 -0.708700 -8.058465
-1.538785 -0.708700 -8.058465
-1.542582 -0.708700 -8.058465
-1.546380 -0.708700 -8.058465
-1.550178 -0.708700 -8.058465
-1.553976 -0.708700 -8.058465
-1.557773 -0.708700 -8.058465
-1.561571 -0.708700 -8.058465
-1.565369 -0.708700 -8.058465
-1.569166 -0.708700 -8.058465
-1.572964 -0.708700 -8.058465
-1.588155 -0.708700 -8.058465
-1.591953 -0.708700 -8.058465
-1.603346 -0.708700 -8.058465
-1.607143 -0.708700 -8.058465
-1.610941 -0.708700 -8.058465
-1.614739 -0.708700 -8.058465
-1.618536 -0.708700 -8.058465
-1.455235 -0.712498 -8.058465
-1.459033 -0.712498 -8.058465
-1.462831 -0.712498 -8.058465
-1.527392 -0.712498 -8.058465
-1.531189 -0.712498 -8.058465
-1.534987 -0.712498 -8.058465
-1.538785 -0.712498 -8.058465
-1.542582 -0.712498 -8.058465
-1.546380 -0.712498 -8.058465
-1.550178 -0.712498 -8.058465
-1.553976 -0.712498 -8.058465
-1.557773 -0.712498 -8.058465
-1.561571 -0.712498 -8.058465
-1.565369 -0.712498 -8.058465
-1.569166 -0.712498 -8.058465
-1.572964 -0.712498 -8.058465
-1.603346 -0.712498 -8.058465
-1.607143 -0.712498 -8.058465
-1.610941 -0.712498 -8.058465
-1.614739 -0.712498 -8.058465
-1.618536 -0.712498 -8.058465
-1.455235 -0.716296 -8.058465
-1.459033 -0.716296 -8.058465
-1.462831 -0.716296 -8.058465
-1.527392 -0.716296 -8.058465
-1.531189 -0.716296 -8.058465
-1.534987 -0.716296 -8.058465
-1.538785 -0.716296 -8.058465
-1.542582 -0.716296 -8.058465
-1.546380 -0.716296 -8.058465
-1.550178 -0.716296 -8.058465
-1.553976 -0.716296 -8.058465
-1.557773 -0.716296 -8.058465
-1.561571 -0.716296 -8.058465
-1.565369 -0.716296 -8.058465
-1.569166 -0.716296 -8.058465
-1.572964 -0.716296 -8.058465
-1.603346 -0.716296 -8.058465
-1.607143 -0.716296 -8.058465
-1.610941 -0.716296 -8.058465
-1.614739 -0.716296 -8.058465
-1.455235 -0.720093 -8.058465
-1.459033 -0.720093 -8.058465
-1.462831 -0.720093 -8.058465
-1.531189 -0.720093 -8.058465
-1.534987 -0.720093 -8.058465
-1.538785 -0.720093 -8.058465
-1.542582 -0.720093 -8.058465
-1.546380 -0.720093 -8.058465
-1.550178 -0.720093 -8.058465
-1.553976 -0.720093 -8.058465
-1.557773 -0.720093 -8.058465
-1.561571 -0.720093 -8.058465
-1.565369 -0.720093 -8.058465
-1.569166 -0.720093 -8.058465
-1.572964 -0.720093 -8.058465
-1.603346 -0.720093 -8.058465
-1.607143 -0.720093 -8.058465
-1.610941 -0.720093 -8.058465
-1.614739 -0.720093 -8.058465
-1.451438 -0.723891 -8.058465
-1.455235 -0.723891 -8.058465
-1.459033 -0.723891 -8.058465
-1.462831 -0.723891 -8.058465
-1.531189 -0.723891 -8.058465
-1.534987 -0.723891 -8.058465
-1.538785 -0.723891 -8.058465
-1.542582 -0.723891 -8.058465
-1.546380 -0.723891 -8.058465
-1.550178 -0.723891 -8.058465
-1.553976 -0.723891 -8.058465
-1.557773 -0.723891 -8.058465
-1.561571 -0.723891 -8.058465
-1.565369 -0.723891 -8.058465
-1.569166 -0.723891 -8.058465
-1.572964 -0.723891 -8.058465
-1.603346 -0.723891 -8.058465
-1.607143 -0.723891 -8.058465
-1.610941 -0.723891 -8.058465
-1.614739 -0.723891 -8.058465
-1.455235 -0.727689 -8.058465
-1.459033 -0.727689 -8.058465
-1.462831 -0.727689 -8.058465
-1.531189 -0.727689 -8.058465
-1.534987 -0.727689 -8.058465
-1.538785 -0.727689 -8.058465
-1.542582 -0.727689 -8.058465
-1.546380 -0.727689 -8.058465
-1.550178 -0.727689 -8.058465
-1.553976 -0.727689 -8.058465
-1.557773 -0.727689 -8.058465
-1.561571 -0.727689 -8.058465
-1.565369 -0.727689 -8.058465
-1.569166 -0.727689 -8.058465
-1.603346 -0.727689 -8.058465
-1.607143 -0.727689 -8.058465
-1.610941 -0.727689 -8.058465
-1.614739 -0.727689 -8.058465
-1.455235 -0.731486 -8.058465
-1.459033 -0.731486 -8.058465
-1.462831 -0.731486 -8.058465
-1.531189 -0.731486 -8.058465
-1.534987 -0.731486 -8.058465
-1.538785 -0.731486 -8.058465
-1.542582 -0.731486 -8.058465
-1.546380 -0.731486 -8.058465
-1.550178 -0.731486 -8.058465
-1.553976 -0.731486 -8.058465
-1.557773 -0.731486 -8.058465
-1.561571 -0.731486 -8.058465
-1.565369 -0.731486 -8.058465
-1.603346 -0.731486 -8.058465
-1.607143 -0.731486 -8.058465
-1.610941 -0.731486 -8.058465
-1.614739 -0.731486 -8.058465
-1.618536 -0.731486 -8.058465
-1.455235 -0.735284 -8.058465
-1.459033 -0.735284 -8.058465
-1.462831 -0.735284 -8.058465
-1.527392 -0.735284 -8.058465
-1.531189 -0.735284 -8.058465
-1.534987 -0.735284 -8.058465
-1.538785 -0.735284 -8.058465
-1.542582 -0.735284 -8.058465
-1.546380 -0.735284 -8.058465
-1.550178 -0.735284 -8.058465
-1.553976 -0.735284 -8.058465
-1.557773 -0.735284 -8.058465
-1.561571 -0.735284 -8.058465
-1.603346 -0.735284 -8.058465
-1.607143 -0.735284 -8.058465
-1.610941 -0.735284 -8.058465
-1.614739 -0.735284 -8.058465
-1.618536 -0.735284 -8.058465
-1.455235 -0.739082 -8.058465
-1.459033 -0.739082 -8.058465
-1.462831 -0.739082 -8.058465
-1.527392 -0.739082 -8.058465
-1.531189 -0.739082 -8.058465
-1.534987 -0.739082 -8.058465
-1.538785 -0.739082 -8.058465
-1.542582 -0.739082 -8.058465
-1.546380 -0.739082 -8.058465
-1.550178 -0.739082 -8.058465
-1.553976 -0.739082 -8.058465
-1.557773 -0.739082 -8.058465
-1.603346 -0.739082 -8.058465
-1.607143 -0.739082 -8.058465
-1.610941 -0.739082 -8.058465
-1.614739 -0.739082 -8.058465
-1.618536 -0.739082 -8.058465
-1.455235 -0.742879 -8.058465
-1.459033 -0.742879 -8.058465
-1.462831 -0.742879 -8.058465
-1.527392 -0.742879 -8.058465
-1.531189 -0.742879 -8.058465
-1.534987 -0.742879 -8.058465
-1.538785 -0.742879 -8.058465
-1.542582 -0.742879 -8.058465
-1.546380 -0.742879 -8.058465
-1.550178 -0.742879 -8.058465
-1.553976 -0.742879 -8.058465
-1.603346 -0.742879 -8.058465
-1.607143 -0.742879 -8.058465
-1.610941 -0.742879 -8.058465
-1.614739 -0.742879 -8.058465
-1.618536 -0.742879 -8.058465
-1.455235 -0.746677 -8.058465
-1.459033 -0.746677 -8.058465
-1.462831 -0.746677 -8.058465
-1.527392 -0.746677 -8.058465
-1.531189 -0.746677 -8.058465
-1.534987 -0.746677 -8.058465
-1.538785 -0.746677 -8.058465
-1.542582 -0.746677 -8.058465
-1.546380 -0.746677 -8.058465
-1.550178 -0.746677 -8.058465
-1.553976 -0.746677 -8.058465
-1.599548 -0.746677 -8.058465
-1.603346 -0.746677 -8.058465
-1.607143 -0.746677 -8.058465
-1.610941 -0.746677 -8.058465
-1.614739 -0.746677 -8.058465
-1.618536 -0.746677 -8.058465
-1.455235 -0.750475 -8.058465
-1.459033 -0.750475 -8.058465
-1.462831 -0.750475 -8.058465
-1.523594 -0.750475 -8.058465
-1.527392 -0.750475 -8.058465
-1.531189 -0.750475 -8.058465
-1.534987 -0.750475 -8.058465
-1.538785 -0.750475 -8.058465
-1.542582 -0.750475 -8.058465
-1.546380 -0.750475 -8.058465
-1.550178 -0.750475 -8.058465
-1.599548 -0.750475 -8.058465
-1.603346 -0.750475 -8.058465
-1.607143 -0.750475 -8.058465
-1.610941 -0.750475 -8.058465
-1.614739 -0.750475 -8.058465
-1.618536 -0.750475 -8.058465
-1.455235 -0.754273 -8.058465
-1.459033 -0.754273 -8.058465
-1.462831 -0.754273 -8.058465
-1.523594 -0.754273 -8.058465
-1.527392 -0.754273 -8.058465
-1.531189 -0.754273 -8.058465
-1.534987 -0.754273 -8.058465
-1.538785 -0.754273 -8.058465
-1.542582 -0.754273 -8.058465
-1.546380 -0.754273 -8.058465
-1.599548 -0.754273 -8.058465
-1.603346 -0.754273 -8.058465
-1.607143 -0.754273 -8.058465
-1.610941 -0.754273 -8.058465
-1.614739 -0.754273 -8.058465
-1.618536 -0.754273 -8.058465
-1.459033 -0.758070 -8.058465
-1.462831 -0.758070 -8.058465
-1.523594 -0.758070 -8.058465
-1.527392 -0.758070 -8.058465
-1.531189 -0.758070 -8.058465
-1.534987 -0.758070 -8.058465
-1.538785 -0.758070 -8.058465
-1.542582 -0.758070 -8.058465
-1.546380 -0.758070 -8.058465
-1.599548 -0.758070 -8.058465
-1.603346 -0.758070 -8.058465
-1.607143 -0.758070 -8.058465
-1.610941 -0.758070 -8.058465
-1.614739 -0.758070 -8.058465
-1.618536 -0.758070 -8.058465
-1.459033 -0.761868 -8.058465
-1.462831 -0.761868 -8.058465
-1.523594 -0.761868 -8.058465
-1.527392 -0.761868 -8.058465
-1.531189 -0.761868 -8.058465
-1.534987 -0.761868 -8.058465
-1.538785 -0.761868 -8.058465
-1.542582 -0.761868 -8.058465
-1.546380 -0.761868 -8.058465
-1.550178 -0.761868 -8.058465
-1.603346 -0.761868 -8.058465
-1.607143 -0.761868 -8.058465
-1.610941 -0.761868 -8.058465
-1.614739 -0.761868 -8.058465
-1.618536 -0.761868 -8.058465
-1.459033 -0.765666 -8.058465
-1.462831 -0.765666 -8.058465
-1.466628 -0.765666 -8.058465
-1.523594 -0.765666 -8.058465
-1.527392 -0.765666 -8.058465
-1.531189 -0.765666 -8.058465
-1.534987 -0.765666 -8.058465
-1.538785 -0.765666 -8.058465
-1.542582 -0.765666 -8.058465
-1.546380 -0.765666 -8.058465
-1.550178 -0.765666 -8.058465
-1.553976 -0.765666 -8.058465
-1.603346 -0.765666 -8.058465
-1.607143 -0.765666 -8.058465
-1.610941 -0.765666 -8.058465
-1.614739 -0.765666 -8.058465
-1.618536 -0.765666 -8.058465
-1.459033 -0.769463 -8.058465
-1.462831 -0.769463 -8.058465
-1.466628 -0.769463 -8.058465
-1.523594 -0.769463 -8.058465
-1.527392 -0.769463 -8.058465
-1.531189 -0.769463 -8.058465
-1.534987 -0.769463 -8.058465
-1.538785 -0.769463 -8.058465
-1.542582 -0.769463 -8.058465
-1.546380 -0.769463 -8.058465
-1.550178 -0.769463 -8.058465
-1.553976 -0.769463 -8.058465
-1.557773 -0.769463 -8.058465
-1.603346 -0.769463 -8.058465
-1.607143 -0.769463 -8.058465
-1.610941 -0.769463 -8.058465
-1.614739 -0.769463 -8.058465
-1.618536 -0.769463 -8.058465
-1.462831 -0.773261 -8.058465
-1.466628 -0.773261 -8.058465
-1.523594 -0.773261 -8.058465
-1.527392 -0.773261 -8.058465
-1.531189 -0.773261 -8.058465
-1.534987 -0.773261 -8.058465
-1.538785 -0.773261 -8.058465
-1.542582 -0.773261 -8.058465
-1.546380 -0.773261 -8.058465
-1.550178 -0.773261 -8.058465
-1.553976 -0.773261 -8.058465
-1.557773 -0.773261 -8.058465
-1.561571 -0.773261 -8.058465
-1.603346 -0.773261 -8.058465
-1.607143 -0.773261 -8.058465
-1.610941 -0.773261 -8.058465
-1.614739 -0.773261 -8.058465
-1.618536 -0.773261 -8.058465
-1.462831 -0.777059 -8.058465
-1.466628 -0.777059 -8.058465
-1.523594 -0.777059 -8.058465
-1.527392 -0.777059 -8.058465
-1.531189 -0.777059 -8.058465
-1.534987 -0.777059 -8.058465
-1.538785 -0.777059 -8.058465
-1.542582 -0.777059 -8.058465
-1.546380 -0.777059 -8.058465
-1.550178 -0.777059 -8.058465
-1.553976 -0.777059 -8.058465
-1.557773 -0.777059 -8.058465
-1.561571 -0.777059 -8.058465
-1.565369 -0.777059 -8.058465
-1.603346 -0.777059 -8.058465
-1.607143 -0.777059 -8.058465
-1.610941 -0.777059 -8.058465
-1.614739 -0.777059 -8.058465
-1.618536 -0.777059 -8.058465
-1.462831 -0.780856 -8.058465
-1.466628 -0.780856 -8.058465
-1.470426 -0.780856 -8.058465
-1.523594 -0.780856 -8.058465
-1.527392 -0.780856 -8.058465
-1.531189 -0.780856 -8.058465
-1.534987 -0.780856 -8.058465
-1.538785 -0.780856 -8.058465
-1.542582 -0.780856 -8.058465
-1.546380 -0.780856 -8.058465
-1.550178 -0.780856 -8.058465
-1.553976 -0.780856 -8.058465
-1.557773 -0.780856 -8.058465
-1.561571 -0.780856 -8.058465
-1.603346 -0.780856 -8.058465
-1.607143 -0.780856 -8.058465
-1.610941 -0.780856 -8.058465
-1.614739 -0.780856 -8.058465
-1.618536 -0.780856 -8.058465
-1.622334 -0.780856 -8.058465
-1.466628 -0.784654 -8.058465
-1.470426 -0.784654 -8.058465
-1.474224 -0.784654 -8.058465
-1.478022 -0.784654 -8.058465
-1.523594 -0.784654 -8.058465
-1.527392 -0.784654 -8.058465
-1.531189 -0.784654 -8.058465
-1.534987 -0.784654 -8.058465
-1.538785 -0.784654 -8.058465
-1.542582 -0.784654 -8.058465
-1.546380 -0.784654 -8.058465
-1.550178 -0.784654 -8.058465
-1.553976 -0.784654 -8.058465
-1.557773 -0.784654 -8.058465
-1.561571 -0.784654 -8.058465
-1.603346 -0.784654 -8.058465
-1.607143 -0.784654 -8.058465
-1.610941 -0.784654 -8.058465
-1.614739 -0.784654 -8.058465
-1.618536 -0.784654 -8.058465
-1.622334 -0.784654 -8.058465
-1.466628 -0.788452 -8.058465
-1.470426 -0.788452 -8.058465
-1.474224 -0.788452 -8.058465
-1.478022 -0.788452 -8.058465
-1.481819 -0.788452 -8.058465
-1.485617 -0.788452 -8.058465
-1.527392 -0.788452 -8.058465
-1.531189 -0.788452 -8.058465
-1.534987 -0.788452 -8.058465
-1.538785 -0.788452 -8.058465
-1.542582 -0.788452 -8.058465
-1.546380 -0.788452 -8.058465
-1.550178 -0.788452 -8.058465
-1.553976 -0.788452 -8.058465
-1.599548 -0.788452 -8.058465
-1.603346 -0.788452 -8.058465
-1.607143 -0.788452 -8.058465
-1.610941 -0.788452 -8.058465
-1.614739 -0.788452 -8.058465
-1.618536 -0.788452 -8.058465
-1.721074 -0.788452 -8.058465
-1.470426 -0.792250 -8.058465
-1.474224 -0.792250 -8.058465
-1.478022 -0.792250 -8.058465
-1.481819 -0.792250 -8.058465
-1.485617 -0.792250 -8.058465
-1.489415 -0.792250 -8.058465
-1.493212 -0.792250 -8.058465
-1.584357 -0.792250 -8.058465
-1.588155 -0.792250 -8.058465
-1.591953 -0.792250 -8.058465
-1.595750 -0.792250 -8.058465
-1.599548 -0.792250 -8.058465
-1.603346 -0.792250 -8.058465
-1.607143 -0.792250 -8.058465
-1.610941 -0.792250 -8.058465
-1.614739 -0.792250 -8.058465
-1.618536 -0.792250 -8.058465
-1.709681 -0.792250 -8.058465
-1.713479 -0.792250 -8.058465
-1.717277 -0.792250 -8.058465
-1.721074 -0.792250 -8.058465
-1.724872 -0.792250 -8.058465
-1.470426 -0.796047 -8.058465
-1.474224 -0.796047 -8.058465
-1.478022 -0.796047 -8.058465
-1.481819 -0.796047 -8.058465
-1.485617 -0.796047 -8.058465
-1.489415 -0.796047 -8.058465
-1.493212 -0.796047 -8.058465
-1.497010 -0.796047 -8.058465
-1.580559 -0.796047 -8.058465
-1.584357 -0.796047 -8.058465
-1.588155 -0.796047 -8.058465
-1.591953 -0.796047 -8.058465
-1.595750 -0.796047 -8.058465
-1.599548 -0.796047 -8.058465
-1.603346 -0.796047 -8.058465
-1.607143 -0.796047 -8.058465
-1.610941 -0.796047 -8.058465
-1.614739 -0.796047 -8.058465
-1.618536 -0.796047 -8.058465
-1.705884 -0.796047 -8.058465
-1.709681 -0.796047 -8.058465
-1.713479 -0.796047 -8.058465
-1.717277 -0.796047 -8.058465
-1.721074 -0.796047 -8.058465
-1.724872 -0.796047 -8.058465
-1.474224 -0.799845 -8.058465
-1.478022 -0.799845 -8.058465
-1.481819 -0.799845 -8.058465
-1.485617 -0.799845 -8.058465
-1.489415 -0.799845 -8.058465
-1.493212 -0.799845 -8.058465
-1.497010 -0.799845 -8.058465
-1.580559 -0.799845 -8.058465
-1.584357 -0.799845 -8.058465
-1.588155 -0.799845 -8.058465
-1.591953 -0.799845 -8.058465
-1.595750 -0.799845 -8.058465
-1.599548 -0.799845 -8.058465
-1.603346 -0.799845 -8.058465
-1.607143 -0.799845 -8.058465
-1.610941 -0.799845 -8.058465
-1.614739 -0.799845 -8.058465
-1.618536 -0.799845 -8.058465
-1.713479 -0.799845 -8.058465
-1.717277 -0.799845 -8.058465
-1.721074 -0.799845 -8.058465
-1.724872 -0.799845 -8.058465
-1.474224 -0.803643 -8.058465
-1.478022 -0.803643 -8.058465
-1.481819 -0.803643 -8.058465
-1.485617 -0.803643 -8.058465
-1.489415 -0.803643 -8.058465
-1.493212 -0.803643 -8.058465
-1.497010 -0.803643 -8.058465
-1.500808 -0.803643 -8.058465
-1.580559 -0.803643 -8.058465
-1.584357 -0.803643 -8.058465
-1.588155 -0.803643 -8.058465
-1.591953 -0.803643 -8.058465
-1.595750 -0.803643 -8.058465
-1.599548 -0.803643 -8.058465
-1.603346 -0.803643 -8.058465
-1.607143 -0.803643 -8.058465
-1.610941 -0.803643 -8.058465
-1.614739 -0.803643 -8.058465
-1.618536 -0.803643 -8.058465
-1.622334 -0.803643 -8.058465
-1.717277 -0.803643 -8.058465
-1.721074 -0.803643 -8.058465
-1.724872 -0.803643 -8.058465
-1.728670 -0.803643 -8.058465
-1.478022 -0.807440 -8.058465
-1.481819 -0.807440 -8.058465
-1.485617 -0.807440 -8.058465
-1.489415 -0.807440 -8.058465
-1.493212 -0.807440 -8.058465
-1.497010 -0.807440 -8.058465
-1.500808 -0.807440 -8.058465
-1.504605 -0.807440 -8.058465
-1.580559 -0.807440 -8.058465
-1.584357 -0.807440 -8.058465
-1.588155 -0.807440 -8.058465
-1.591953 -0.807440 -8.058465
-1.595750 -0.807440 -8.058465
-1.599548 -0.807440 -8.058465
-1.603346 -0.807440 -8.058465
-1.607143 -0.807440 -8.058465
-1.610941 -0.807440 -8.058465
-1.614739 -0.807440 -8.058465
-1.618536 -0.807440 -8.058465
-1.622334 -0.807440 -8.058465
-1.713479 -0.807440 -8.058465
-1.717277 -0.807440 -8.058465
-1.721074 -0.807440 -8.058465
-1.724872 -0.807440 -8.058465
-1.728670 -0.807440 -8.058465
-1.481819 -0.811238 -8.058465
-1.485617 -0.811238 -8.058465
-1.489415 -0.811238 -8.058465
-1.493212 -0.811238 -8.058465
-1.497010 -0.811238 -8.058465
-1.500808 -0.811238 -8.058465
-1.504605 -0.811238 -8.058465
-1.508403 -0.811238 -8.058465
-1.527392 -0.811238 -8.058465
-1.531189 -0.811238 -8.058465
-1.534987 -0.811238 -8.058465
-1.538785 -0.811238 -8.058465
-1.542582 -0.811238 -8.058465
-1.546380 -0.811238 -8.058465
-1.550178 -0.811238 -8.058465
-1.553976 -0.811238 -8.058465
-1.576762 -0.811238 -8.058465
-1.580559 -0.811238 -8.058465
-1.584357 -0.811238 -8.058465
-1.588155 -0.811238 -8.058465
-1.591953 -0.811238 -8.058465
-1.595750 -0.811238 -8.058465
-1.599548 -0.811238 -8.058465
-1.603346 -0.811238 -8.058465
-1.607143 -0.811238 -8.058465
-1.610941 -0.811238 -8.058465
-1.614739 -0.811238 -8.058465
-1.618536 -0.811238 -8.058465
-1.622334 -0.811238 -8.058465
-1.709681 -0.811238 -8.058465
-1.713479 -0.811238 -8.058465
-1.717277 -0.811238 -8.058465
-1.721074 -0.811238 -8.058465
-1.724872 -0.811238 -8.058465
-1.481819 -0.815036 -8.058465
-1.485617 -0.815036 -8.058465
-1.489415 -0.815036 -8.058465
-1.493212 -0.815036 -8.058465
-1.497010 -0.815036 -8.058465
-1.500808 -0.815036 -8.058465
-1.504605 -0.815036 -8.058465
-1.508403 -0.815036 -8.058465
-1.512201 -0.815036 -8.058465
-1.519796 -0.815036 -8.058465
-1.523594 -0.815036 -8.058465
-1.527392 -0.815036 -8.058465
-1.531189 -0.815036 -8.058465
-1.534987 -0.815036 -8.058465
-1.538785 -0.815036 -8.058465
-1.542582 -0.815036 -8.058465
-1.546380 -0.815036 -8.058465
-1.550178 -0.815036 -8.058465
-1.553976 -0.815036 -8.058465
-1.557773 -0.815036 -8.058465
-1.572964 -0.815036 -8.058465
-1.576762 -0.815036 -8.058465
-1.580559 -0.815036 -8.058465
-1.584357 -0.815036 -8.058465
-1.588155 -0.815036 -8.058465
-1.591953 -0.815036 -8.058465
-1.595750 -0.815036 -8.058465
-1.599548 -0.815036 -8.058465
-1.603346 -0.815036 -8.058465
-1.607143 -0.815036 -8.058465
-1.610941 -0.815036 -8.058465
-1.614739 -0.815036 -8.058465
-1.618536 -0.815036 -8.058465
-1.622334 -0.815036 -8.058465
-1.705884 -0.815036 -8.058465
-1.709681 -0.815036 -8.058465
-1.713479 -0.815036 -8.058465
-1.717277 -0.815036 -8.058465
-1.721074 -0.815036 -8.058465
-1.724872 -0.815036 -8.058465
-1.485617 -0.818834 -8.058465
-1.489415 -0.818834 -8.058465
-1.493212 -0.818834 -8.058465
-1.497010 -0.818834 -8.058465
-1.500808 -0.818834 -8.058465
-1.504605 -0.818834 -8.058465
-1.508403 -0.818834 -8.058465
-1.512201 -0.818834 -8.058465
-1.515998 -0.818834 -8.058465
-1.519796 -0.818834 -8.058465
-1.523594 -0.818834 -8.058465
-1.527392 -0.818834 -8.058465
-1.531189 -0.818834 -8.058465
-1.534987 -0.818834 -8.058465
-1.538785 -0.818834 -8.058465
-1.542582 -0.818834 -8.058465
-1.546380 -0.818834 -8.058465
-1.550178 -0.818834 -8.058465
-1.553976 -0.818834 -8.058465
-1.557773 -0.818834 -8.058465
-1.569166 -0.818834 -8.058465
-1.572964 -0.818834 -8.058465
-1.576762 -0.818834 -8.058465
-1.580559 -0.818834 -8.058465
-1.584357 -0.818834 -8.058465
-1.588155 -0.818834 -8.058465
-1.591953 -0.818834 -8.058465
-1.595750 -0.818834 -8.058465
-1.599548 -0.818834 -8.058465
-1.603346 -0.818834 -8.058465
-1.607143 -0.818834 -8.058465
-1.610941 -0.818834 -8.058465
-1.614739 -0.818834 -8.058465
-1.618536 -0.818834 -8.058465
-1.622334 -0.818834 -8.058465
-1.705884 -0.818834 -8.058465
-1.709681 -0.818834 -8.058465
-1.713479 -0.818834 -8.058465
-1.717277 -0.818834 -8.058465
-1.721074 -0.818834 -8.058465
-1.489415 -0.822631 -8.058465
-1.493212 -0.822631 -8.058465
-1.497010 -0.822631 -8.058465
-1.500808 -0.822631 -8.058465
-1.504605 -0.822631 -8.058465
-1.508403 -0.822631 -8.058465
-1.512201 -0.822631 -8.058465
-1.515998 -0.822631 -8.058465
-1.519796 -0.822631 -8.058465
-1.523594 -0.822631 -8.058465
-1.527392 -0.822631 -8.058465
-1.531189 -0.822631 -8.058465
-1.534987 -0.822631 -8.058465
-1.538785 -0.822631 -8.058465
-1.542582 -0.822631 -8.058465
-1.546380 -0.822631 -8.058465
-1.550178 -0.822631 -8.058465
-1.553976 -0.822631 -8.058465
-1.557773 -0.822631 -8.058465
-1.561571 -0.822631 -8.058465
-1.565369 -0.822631 -8.058465
-1.569166 -0.822631 -8.058465
-1.572964 -0.822631 -8.058465
-1.576762 -0.822631 -8.058465
-1.580559 -0.822631 -8.058465
-1.599548 -0.822631 -8.058465
-1.603346 -0.822631 -8.058465
-1.607143 -0.822631 -8.058465
-1.610941 -0.822631 -8.058465
-1.614739 -0.822631 -8.058465
-1.618536 -0.822631 -8.058465
-1.622334 -0.822631 -8.058465
-1.702086 -0.822631 -8.058465
-1.705884 -0.822631 -8.058465
-1.709681 -0.822631 -8.058465
-1.713479 -0.822631 -8.058465
-1.717277 -0.822631 -8.058465
-1.493212 -0.826429 -8.058465
-1.497010 -0.826429 -8.058465
-1.500808 -0.826429 -8.058465
-1.504605 -0.826429 -8.058465
-1.508403 -0.826429 -8.058465
-1.512201 -0.826429 -8.058465
-1.515998 -0.826429 -8.058465
-1.519796 -0.826429 -8.058465
-1.523594 -0.826429 -8.058465
-1.527392 -0.826429 -8.058465
-1.531189 -0.826429 -8.058465
-1.534987 -0.826429 -8.058465
-1.538785 -0.826429 -8.058465
-1.542582 -0.826429 -8.058465
-1.546380 -0.826429 -8.058465
-1.550178 -0.826429 -8.058465
-1.553976 -0.826429 -8.058465
-1.557773 -0.826429 -8.058465
-1.561571 -0.826429 -8.058465
-1.565369 -0.826429 -8.058465
-1.569166 -0.826429 -8.058465
-1.572964 -0.826429 -8.058465
-1.576762 -0.826429 -8.058465
-1.603346 -0.826429 -8.058465
-1.607143 -0.826429 -8.058465
-1.610941 -0.826429 -8.058465
-1.614739 -0.826429 -8.058465
-1.618536 -0.826429 -8.058465
-1.698288 -0.826429 -8.058465
-1.702086 -0.826429 -8.058465
-1.705884 -0.826429 -8.058465
-1.709681 -0.826429 -8.058465
-1.713479 -0.826429 -8.058465
-1.497010 -0.830227 -8.058465
-1.500808 -0.830227 -8.058465
-1.504605 -0.830227 -8.058465
-1.508403 -0.830227 -8.058465
-1.512201 -0.830227 -8.058465
-1.515998 -0.830227 -8.058465
-1.519796 -0.830227 -8.058465
-1.523594 -0.830227 -8.058465
-1.527392 -0.830227 -8.058465
-1.531189 -0.830227 -8.058465
-1.534987 -0.830227 -8.058465
-1.538785 -0.830227 -8.058465
-1.542582 -0.830227 -8.058465
-1.546380 -0.830227 -8.058465
-1.550178 -0.830227 -8.058465
-1.553976 -0.830227 -8.058465
-1.557773 -0.830227 -8.058465
-1.561571 -0.830227 -8.058465
-1.565369 -0.830227 -8.058465
-1.569166 -0.830227 -8.058465
-1.572964 -0.830227 -8.058465
-1.576762 -0.830227 -8.058465
-1.603346 -0.830227 -8.058465
-1.607143 -0.830227 -8.058465
-1.610941 -0.830227 -8.058465
-1.614739 -0.830227 -8.058465
-1.618536 -0.830227 -8.058465
-1.698288 -0.830227 -8.058465
-1.702086 -0.830227 -8.058465
-1.705884 -0.830227 -8.058465
-1.709681 -0.830227 -8.058465
-1.500808 -0.834024 -8.058465
-1.504605 -0.834024 -8.058465
-1.508403 -0.834024 -8.058465
-1.512201 -0.834024 -8.058465
-1.515998 -0.834024 -8.058465
-1.519796 -0.834024 -8.058465
-1.523594 -0.834024 -8.058465
-1.527392 -0.834024 -8.058465
-1.531189 -0.834024 -8.058465
-1.534987 -0.834024 -8.058465
-1.538785 -0.834024 -8.058465
-1.542582 -0.834024 -8.058465
-1.546380 -0.834024 -8.058465
-1.550178 -0.834024 -8.058465
-1.553976 -0.834024 -8.058465
-1.557773 -0.834024 -8.058465
-1.561571 -0.834024 -8.058465
-1.565369 -0.834024 -8.058465
-1.569166 -0.834024 -8.058465
-1.572964 -0.834024 -8.058465
-1.576762 -0.834024 -8.058465
-1.603346 -0.834024 -8.058465
-1.607143 -0.834024 -8.058465
-1.610941 -0.834024 -8.058465
-1.614739 -0.834024 -8.058465
-1.618536 -0.834024 -8.058465
-1.698288 -0.834024 -8.058465
-1.702086 -0.834024 -8.058465
-1.705884 -0.834024 -8.058465
-1.504605 -0.837822 -8.058465
-1.508403 -0.837822 -8.058465
-1.512201 -0.837822 -8.058465
-1.515998 -0.837822 -8.058465
-1.519796 -0.837822 -8.058465
-1.523594 -0.837822 -8.058465
-1.527392 -0.837822 -8.058465
-1.531189 -0.837822 -8.058465
-1.534987 -0.837822 -8.058465
-1.538785 -0.837822 -8.058465
-1.542582 -0.837822 -8.058465
-1.546380 -0.837822 -8.058465
-1.550178 -0.837822 -8.058465
-1.553976 -0.837822 -8.058465
-1.557773 -0.837822 -8.058465
-1.561571 -0.837822 -8.058465
-1.565369 -0.837822 -8.058465
-1.569166 -0.837822 -8.058465
-1.572964 -0.837822 -8.058465
-1.576762 -0.837822 -8.058465
-1.599548 -0.837822 -8.058465
-1.603346 -0.837822 -8.058465
-1.607143 -0.837822 -8.058465
-1.610941 -0.837822 -8.058465
-1.614739 -0.837822 -8.058465
-1.694491 -0.837822 -8.058465
-1.698288 -0.837822 -8.058465
-1.702086 -0.837822 -8.058465
-1.508403 -0.841620 -8.058465
-1.512201 -0.841620 -8.058465
-1.515998 -0.841620 -8.058465
-1.519796 -0.841620 -8.058465
-1.523594 -0.841620 -8.058465
-1.527392 -0.841620 -8.058465
-1.531189 -0.841620 -8.058465
-1.534987 -0.841620 -8.058465
-1.538785 -0.841620 -8.058465
-1.542582 -0.841620 -8.058465
-1.546380 -0.841620 -8.058465
-1.550178 -0.841620 -8.058465
-1.553976 -0.841620 -8.058465
-1.557773 -0.841620 -8.058465
-1.561571 -0.841620 -8.058465
-1.565369 -0.841620 -8.058465
-1.569166 -0.841620 -8.058465
-1.572964 -0.841620 -8.058465
-1.576762 -0.841620 -8.058465
-1.603346 -0.841620 -8.058465
-1.607143 -0.841620 -8.058465
-1.610941 -0.841620 -8.058465
-1.690693 -0.841620 -8.058465
-1.694491 -0.841620 -8.058465
-1.698288 -0.841620 -8.058465
-1.512201 -0.845417 -8.058465
-1.515998 -0.845417 -8.058465
-1.519796 -0.845417 -8.058465
-1.523594 -0.845417 -8.058465
-1.527392 -0.845417 -8.058465
-1.531189 -0.845417 -8.058465
-1.534987 -0.845417 -8.058465
-1.538785 -0.845417 -8.058465
-1.542582 -0.845417 -8.058465
-1.546380 -0.845417 -8.058465
-1.550178 -0.845417 -8.058465
-1.553976 -0.845417 -8.058465
-1.557773 -0.845417 -8.058465
-1.561571 -0.845417 -8.058465
-1.565369 -0.845417 -8.058465
-1.569166 -0.845417 -8.058465
-1.572964 -0.845417 -8.058465
-1.576762 -0.845417 -8.058465
-1.603346 -0.845417 -8.058465
-1.686895 -0.845417 -8.058465
-1.690693 -0.845417 -8.058465
-1.694491 -0.845417 -8.058465
-1.519796 -0.849215 -8.058465
-1.523594 -0.849215 -8.058465
-1.527392 -0.849215 -8.058465
-1.531189 -0.849215 -8.058465
-1.534987 -0.849215 -8.058465
-1.538785 -0.849215 -8.058465
-1.542582 -0.849215 -8.058465
-1.546380 -0.849215 -8.058465
-1.550178 -0.849215 -8.058465
-1.553976 -0.849215 -8.058465
-1.557773 -0.849215 -8.058465
-1.561571 -0.849215 -8.058465
-1.565369 -0.849215 -8.058465
-1.569166 -0.849215 -8.058465
-1.572964 -0.849215 -8.058465
-1.686895 -0.849215 -8.058465
-1.523594 -0.853013 -8.058465
-1.527392 -0.853013 -8.058465
-1.531189 -0.853013 -8.058465
-1.534987 -0.853013 -8.058465
-1.538785 -0.853013 -8.058465
-1.542582 -0.853013 -8.058465
-1.546380 -0.853013 -8.058465
-1.550178 -0.853013 -8.058465
-1.553976 -0.853013 -8.058465
-1.557773 -0.853013 -8.058465
-1.561571 -0.853013 -8.058465
-1.565369 -0.853013 -8.058465
-1.569166 -0.853013 -8.058465
-1.683097 -0.853013 -8.058465
-1.531189 -0.856811 -8.058465
-1.534987 -0.856811 -8.058465
-1.538785 -0.856811 -8.058465
-1.542582 -0.856811 -8.058465
-1.546380 -0.856811 -8.058465
-1.550178 -0.856811 -8.058465
-1.553976 -0.856811 -8.058465
-1.557773 -0.856811 -8.058465
-1.561571 -0.856811 -8.058465
-1.565369 -0.856811 -8.058465
-1.538785 -0.860608 -8.058465
-1.542582 -0.860608 -8.058465
-1.546380 -0.860608 -8.058465
-1.550178 -0.860608 -8.058465
-1.553976 -0.860608 -8.058465
-1.557773 -0.860608 -8.058465
-1.561571 -0.860608 -8.058465
-1.626132 -0.868204 -8.058465
-1.629930 -0.868204 -8.058465
-1.633727 -0.868204 -8.058465
-1.626132 -0.872001 -8.058465
-1.629930 -0.872001 -8.058465
-1.633727 -0.872001 -8.058465
